[
    {
        "bone name": "bip01",
        "bone matrix": [
            0.0000030279159091151088,
            0.0,
            -2.5399997234344484,
            0.0,
            0.0,
            2.5399999618530275,
            0.0,
            0.0,
            2.5399997234344484,
            0.0,
            0.0000030279159091151088,
            0.0,
            0.0,
            57.053794860839847,
            0.0,
            1.0
        ]
    },
    {
        "bone name": "bip01 pelvis",
        "bone matrix": [
            0.0,
            1.0,
            -0.0000014007091522216797,
            0.0,
            -0.0000014007091522216797,
            0.0000013709068298339844,
            1.0,
            0.0,
            1.0,
            0.0,
            0.0000013709068298339844,
            0.0,
            0.0,
            0.0,
            0.0,
            1.0
        ]
    },
    {
        "bone name": "bip01 spine",
        "bone matrix": [
            0.9999523162841797,
            0.0000014002746411279077,
            -0.00976397655904293,
            0.0,
            -0.0000013597186807601248,
            1.0,
            0.000004160268417763291,
            0.0,
            0.00976397655904293,
            -0.000004146794253756525,
            0.9999523162841797,
            0.0,
            1.8999385833740235,
            8.524875738658011e-7,
            0.6346221566200256,
            1.0
        ]
    },
    {
        "bone name": "b_lp",
        "bone matrix": [
            -0.677854597568512,
            0.14765366911888123,
            -0.7202162146568298,
            0.0,
            -0.14153513312339784,
            -0.9875085949897766,
            -0.06924174726009369,
            0.0,
            -0.7214435935020447,
            0.055000051856040958,
            0.6902855634689331,
            0.0,
            2.7762298583984377,
            3.988170623779297,
            1.2994394302368165,
            1.0
        ]
    },
    {
        "bone name": "b_rp",
        "bone matrix": [
            -0.6896005868911743,
            -0.22984755039215089,
            -0.6867468357086182,
            0.0,
            0.2005462646484375,
            -0.9718205332756043,
            0.12387935817241669,
            0.0,
            -0.6958680152893066,
            -0.05229723080992699,
            0.7162629961967468,
            0.0,
            2.8173961639404299,
            -3.9738945960998537,
            1.3194336891174317,
            1.0
        ]
    },
    {
        "bone name": "bip01 l thigh",
        "bone matrix": [
            -0.9998520016670227,
            0.013448475860059262,
            -0.010726839303970337,
            0.0,
            -0.013456380926072598,
            -0.9999091625213623,
            0.0006650973227806389,
            0.0,
            -0.010716920718550682,
            0.0008093433571048081,
            0.9999422430992127,
            0.0,
            -1.8936500549316407,
            2.368905544281006,
            -0.6531485319137573,
            1.0
        ]
    },
    {
        "bone name": "bip01 r thigh",
        "bone matrix": [
            -0.9998519420623779,
            -0.01344870962202549,
            -0.010726764798164368,
            0.0,
            0.01345655508339405,
            -0.9999091625213623,
            -0.0006595489103347063,
            0.0,
            -0.010716920718550682,
            -0.000803796574473381,
            0.9999423027038574,
            0.0,
            -1.8936500549316407,
            -2.3689069747924806,
            -0.6531354188919067,
            1.0
        ]
    },
    {
        "bone name": "bip01 spine1",
        "bone matrix": [
            0.9970273375511169,
            -2.1370192371250597e-7,
            -0.07704856246709824,
            0.0,
            2.1370192371250597e-7,
            1.0,
            0.0,
            0.0,
            0.07704856246709824,
            0.0,
            0.9970273375511169,
            0.0,
            2.1595630645751955,
            0.0,
            -0.001896500587463379,
            1.0
        ]
    },
    {
        "bone name": "b_spine",
        "bone matrix": [
            -0.9948872327804565,
            -3.4294410511392928e-7,
            -0.10099063813686371,
            0.0,
            1.9668070194711618e-7,
            1.0,
            -0.000005333357876224909,
            0.0,
            0.10099063813686371,
            -0.0000053259536798577759,
            -0.9948872327804565,
            0.0,
            2.113882064819336,
            1.5996749880287099e-7,
            -6.167672634124756,
            1.0
        ]
    },
    {
        "bone name": "bip01 lthightwist",
        "bone matrix": [
            -0.9998519420623779,
            0.013448475860059262,
            -0.010726839303970337,
            0.0,
            -0.01345056388527155,
            -0.9999094605445862,
            0.0001225495507242158,
            0.0,
            -0.010724220424890519,
            0.00026681344024837017,
            0.9999424815177918,
            0.0,
            -1.8936500549316407,
            2.368905544281006,
            -0.6531485319137573,
            1.0
        ]
    },
    {
        "bone name": "bip01 rthightwist",
        "bone matrix": [
            -0.9998519420623779,
            -0.013448710553348065,
            -0.010726764798164368,
            0.0,
            0.013450738973915577,
            -0.9999094605445862,
            -0.00011699675087584183,
            0.0,
            -0.010724220424890519,
            -0.0002612623502500355,
            0.9999424815177918,
            0.0,
            -1.8936500549316407,
            -2.3689069747924806,
            -0.6531354188919067,
            1.0
        ]
    },
    {
        "bone name": "bip01 l calf",
        "bone matrix": [
            0.9962742924690247,
            0.0,
            -0.08624126762151718,
            0.0,
            0.0,
            1.0,
            0.0,
            0.0,
            0.08624126762151718,
            0.0,
            0.9962742924690247,
            0.0,
            9.848135948181153,
            0.0,
            0.0,
            1.0
        ]
    },
    {
        "bone name": "bip01 r calf",
        "bone matrix": [
            0.9962742924690247,
            0.0,
            -0.08624126762151718,
            0.0,
            0.0,
            1.0,
            0.0,
            0.0,
            0.08624126762151718,
            0.0,
            0.9962742924690247,
            0.0,
            9.848136901855469,
            0.0,
            0.0,
            1.0
        ]
    },
    {
        "bone name": "bip01 spine2",
        "bone matrix": [
            0.99806147813797,
            -1.726170637539326e-7,
            -0.062235742807388309,
            0.0,
            1.726170637539326e-7,
            1.0,
            0.0,
            0.0,
            0.062235742807388309,
            0.0,
            0.99806147813797,
            0.0,
            2.3885040283203127,
            0.0,
            -0.0043392181396484379,
            1.0
        ]
    },
    {
        "bone name": "add_l101",
        "bone matrix": [
            -0.994138240814209,
            0.0,
            0.10811666399240494,
            0.0,
            1.4521029356728833e-7,
            -1.0,
            0.000001335216097686498,
            0.0,
            0.10811666399240494,
            0.0000013430889111987199,
            0.994138240814209,
            0.0,
            1.3557853698730469,
            2.3622095584869386,
            1.9575244188308716,
            1.0
        ]
    },
    {
        "bone name": "add_r101",
        "bone matrix": [
            -0.9941380023956299,
            -3.258409151385422e-7,
            0.1081172376871109,
            0.0,
            4.339128736319253e-7,
            -0.9999998807907105,
            9.760553894011537e-7,
            0.0,
            0.1081172376871109,
            0.0000010172473139391514,
            0.9941381216049194,
            0.0,
            1.355783462524414,
            -2.362199544906616,
            1.9575318098068238,
            1.0
        ]
    },
    {
        "bone name": "add_r401",
        "bone matrix": [
            -0.967035174369812,
            0.0,
            -0.25464344024658205,
            0.0,
            1.3445918511933997e-7,
            1.0,
            -9.507776326245221e-7,
            0.0,
            0.25464344024658205,
            -9.536744300930878e-7,
            -0.967035174369812,
            0.0,
            1.283956527709961,
            -2.362208843231201,
            -3.1767935752868654,
            1.0
        ]
    },
    {
        "bone name": "add_l401",
        "bone matrix": [
            -0.967035174369812,
            0.0,
            -0.25464266538619997,
            0.0,
            1.3445897195651924e-7,
            1.0,
            -9.507775757811032e-7,
            0.0,
            0.25464266538619997,
            -9.536744300930878e-7,
            -0.967035174369812,
            0.0,
            1.2839584350585938,
            2.3622021675109865,
            -3.17680025100708,
            1.0
        ]
    },
    {
        "bone name": "bip01 lthightwist1",
        "bone matrix": [
            1.0,
            0.0,
            0.0,
            0.0,
            0.0,
            1.0,
            0.0,
            0.0,
            0.0,
            0.0,
            1.0,
            0.0,
            4.924066543579102,
            0.0,
            0.0,
            1.0
        ]
    },
    {
        "bone name": "bip01 rthightwist1",
        "bone matrix": [
            1.0,
            0.0,
            0.0,
            0.0,
            0.0,
            1.0,
            0.0,
            0.0,
            0.0,
            0.0,
            1.0,
            0.0,
            4.924066543579102,
            0.0,
            0.0,
            1.0
        ]
    },
    {
        "bone name": "bip01 l foot",
        "bone matrix": [
            0.9961014986038208,
            0.013449272140860558,
            0.08718282729387284,
            0.0,
            -0.024598432704806329,
            0.9914560317993164,
            0.12810060381889344,
            0.0,
            -0.0847150906920433,
            -0.12974578142166139,
            0.9879217147827148,
            0.0,
            10.304656028747559,
            2.384185791015625e-7,
            0.0,
            1.0
        ]
    },
    {
        "bone name": "bip01 r foot",
        "bone matrix": [
            0.9961014986038208,
            -0.013449445366859436,
            0.08718283474445343,
            0.0,
            0.024598605930805208,
            0.9914560317993164,
            -0.12810058891773225,
            0.0,
            -0.08471506834030152,
            0.12974576652050019,
            0.9879217147827148,
            0.0,
            10.304655075073243,
            0.0,
            0.0,
            1.0
        ]
    },
    {
        "bone name": "bip01 neck",
        "bone matrix": [
            0.9508335590362549,
            8.589903472966398e-7,
            0.3097023367881775,
            0.0,
            -8.589903472966398e-7,
            1.0,
            -1.3636805817895948e-7,
            0.0,
            -0.3097023367881775,
            -1.3636797291383119e-7,
            0.9508335590362549,
            0.0,
            5.877492904663086,
            -6.556429070769809e-7,
            -0.5367732048034668,
            1.0
        ]
    },
    {
        "bone name": "b_lc",
        "bone matrix": [
            -0.8582931160926819,
            -0.4357999563217163,
            -0.27094537019729617,
            0.0,
            0.2708386778831482,
            0.06376081705093384,
            -0.960510790348053,
            0.0,
            0.43586623668670657,
            -0.8977822661399841,
            0.06330597400665283,
            0.0,
            9.326177597045899,
            6.1385579109191898,
            -1.751335620880127,
            1.0
        ]
    },
    {
        "bone name": "b_rc",
        "bone matrix": [
            -0.874921977519989,
            0.42424333095550539,
            -0.23351474106311799,
            0.0,
            -0.23504222929477693,
            0.049579501152038577,
            0.9707198739051819,
            0.0,
            0.4233989715576172,
            0.9041900038719177,
            0.056336939334869388,
            0.0,
            9.39958381652832,
            -6.597787857055664,
            -2.8260087966918947,
            1.0
        ]
    },
    {
        "bone name": "b_spine2",
        "bone matrix": [
            0.9865456819534302,
            -0.0085211843252182,
            0.16326391696929933,
            0.0,
            -0.023057397454977037,
            0.9814066886901856,
            0.19054991006851197,
            0.0,
            -0.16185200214385987,
            -0.19175061583518983,
            0.9680060148239136,
            0.0,
            2.417806625366211,
            0.06980287283658982,
            -7.682956695556641,
            1.0
        ]
    },
    {
        "bone name": "b_long",
        "bone matrix": [
            0.8321425318717957,
            0.5378071069717407,
            0.13528606295585633,
            0.0,
            0.0849262923002243,
            0.11748843640089035,
            -0.9894362092018127,
            0.0,
            -0.5480203628540039,
            0.8348413109779358,
            0.05209314823150635,
            0.0,
            -0.8531055450439453,
            -0.924278736114502,
            -5.999276638031006,
            1.0
        ]
    },
    {
        "bone name": "add_l102",
        "bone matrix": [
            1.0,
            0.0,
            0.0,
            0.0,
            0.0,
            1.0,
            0.0,
            0.0,
            0.0,
            0.0,
            1.0,
            0.0,
            6.091817855834961,
            2.384185791015625e-7,
            0.0000019073486328125,
            1.0
        ]
    },
    {
        "bone name": "add_r102",
        "bone matrix": [
            1.0,
            0.0,
            0.0,
            0.0,
            0.0,
            1.0,
            0.0,
            0.0,
            0.0,
            0.0,
            1.0,
            0.0,
            6.109470367431641,
            0.0,
            0.000001430511474609375,
            1.0
        ]
    },
    {
        "bone name": "add_r402",
        "bone matrix": [
            1.0,
            0.0,
            0.0,
            0.0,
            0.0,
            1.0,
            0.0,
            0.0,
            0.0,
            0.0,
            1.0,
            0.0,
            6.1751708984375,
            0.0000021457672119140627,
            0.00000286102294921875,
            1.0
        ]
    },
    {
        "bone name": "add_l402",
        "bone matrix": [
            1.0,
            0.0,
            0.0,
            0.0,
            0.0,
            1.0,
            0.0,
            0.0,
            0.0,
            0.0,
            1.0,
            0.0,
            6.175168991088867,
            -0.0000019073486328125,
            0.00000286102294921875,
            1.0
        ]
    },
    {
        "bone name": "bip01 l toe0",
        "bone matrix": [
            0.0,
            0.0,
            0.9999999403953552,
            0.0,
            0.0,
            1.0,
            0.0,
            0.0,
            -0.9999999403953552,
            0.0,
            0.0,
            0.0,
            2.292767286300659,
            0.0,
            2.415936231613159,
            1.0
        ]
    },
    {
        "bone name": "bip01 r toe0",
        "bone matrix": [
            1.7881393432617188e-7,
            0.0,
            0.9999999403953552,
            0.0,
            0.0,
            1.0,
            0.0,
            0.0,
            -0.9999999403953552,
            0.0,
            1.7881393432617188e-7,
            0.0,
            2.292767286300659,
            0.0,
            2.41593599319458,
            1.0
        ]
    },
    {
        "bone name": "bip01 head",
        "bone matrix": [
            0.9941088557243347,
            -5.610978632830665e-7,
            -0.10838641971349716,
            0.0,
            5.679920604961808e-7,
            1.0,
            0.0,
            0.0,
            0.10838641971349716,
            0.0,
            0.9941088557243347,
            0.0,
            1.9684677124023438,
            0.0,
            -4.76837158203125e-7,
            1.0
        ]
    },
    {
        "bone name": "bip01 l clavicle",
        "bone matrix": [
            -0.3491235077381134,
            0.9370641112327576,
            -0.004883468151092529,
            0.0,
            0.8849350810050964,
            0.3279785215854645,
            -0.33063584566116335,
            0.0,
            -0.30822527408599856,
            -0.11975426226854325,
            -0.9437459111213684,
            0.0,
            -1.0747299194335938,
            0.4931057393550873,
            0.3979206085205078,
            1.0
        ]
    },
    {
        "bone name": "bip01 r clavicle",
        "bone matrix": [
            -0.3491233289241791,
            -0.9370642304420471,
            -0.004878297448158264,
            0.0,
            -0.884935200214386,
            0.3279801905155182,
            0.3306339979171753,
            0.0,
            -0.30822527408599856,
            0.11974899470806122,
            -0.9437465667724609,
            0.0,
            -1.0747299194335938,
            -0.4931052029132843,
            0.39792346954345705,
            1.0
        ]
    },
    {
        "bone name": "b_hat",
        "bone matrix": [
            0.9992679953575134,
            -0.02864663489162922,
            0.02535349875688553,
            0.0,
            0.0273642186075449,
            0.9983962178230286,
            0.049559369683265689,
            0.0,
            -0.026732545346021653,
            -0.04882931709289551,
            0.9984493255615234,
            0.0,
            4.7093963623046879,
            0.003757486119866371,
            1.0360972881317139,
            1.0
        ]
    },
    {
        "bone name": "bip01 l upperarm",
        "bone matrix": [
            0.8331905007362366,
            -0.512437105178833,
            0.2078503668308258,
            0.0,
            0.550957441329956,
            0.8014281392097473,
            -0.23272037506103517,
            0.0,
            -0.04732257127761841,
            0.3084171414375305,
            0.9500733613967896,
            0.0,
            3.3767595291137697,
            -0.0000019073486328125,
            0.0,
            1.0
        ]
    },
    {
        "bone name": "bip01 luparmtwist",
        "bone matrix": [
            0.8331905603408814,
            -0.5124369859695435,
            0.2078503668308258,
            0.0,
            0.5529040098190308,
            0.7784502506256104,
            -0.2971739172935486,
            0.0,
            -0.009518258273601532,
            0.36252379417419436,
            0.931925892829895,
            0.0,
            3.3767595291137697,
            -0.0000019073486328125,
            0.0,
            1.0
        ]
    },
    {
        "bone name": "bip01 r upperarm",
        "bone matrix": [
            0.8331905007362366,
            0.512437105178833,
            0.2078503668308258,
            0.0,
            -0.550957441329956,
            0.8014281392097473,
            0.23272037506103517,
            0.0,
            -0.04732257127761841,
            -0.3084171414375305,
            0.9500733613967896,
            0.0,
            3.376760482788086,
            0.0,
            0.0,
            1.0
        ]
    },
    {
        "bone name": "bip01 ruparmtwist",
        "bone matrix": [
            0.8331905603408814,
            0.5124370455741882,
            0.207850381731987,
            0.0,
            -0.5529040694236755,
            0.7784502506256104,
            0.29717394709587099,
            0.0,
            -0.009518235921859742,
            -0.3625238239765167,
            0.931925892829895,
            0.0,
            3.376760482788086,
            0.0,
            0.0,
            1.0
        ]
    },
    {
        "bone name": "bip01 l forearm",
        "bone matrix": [
            0.9862083792686462,
            0.0,
            -0.1655084788799286,
            0.0,
            0.0,
            1.0,
            0.0,
            0.0,
            0.1655084788799286,
            0.0,
            0.9862083792686462,
            0.0,
            5.609949111938477,
            0.0,
            4.76837158203125e-7,
            1.0
        ]
    },
    {
        "bone name": "bip01 l foretwist",
        "bone matrix": [
            0.9862083792686462,
            0.0,
            -0.1655084788799286,
            0.0,
            -0.00008028122101677582,
            0.9999998807907105,
            -0.00047814977006055415,
            0.0,
            0.1655084490776062,
            0.00048484254512004554,
            0.9862082600593567,
            0.0,
            5.609949111938477,
            0.0,
            4.76837158203125e-7,
            1.0
        ]
    },
    {
        "bone name": "bip01 luparmtwist1",
        "bone matrix": [
            1.0,
            0.0,
            0.0,
            0.0,
            0.0,
            0.9994140863418579,
            0.03422729671001434,
            0.0,
            0.0,
            -0.03422729671001434,
            0.9994140863418579,
            0.0,
            2.804973602294922,
            0.0,
            0.0,
            1.0
        ]
    },
    {
        "bone name": "bip01 r forearm",
        "bone matrix": [
            0.9862083792686462,
            0.0,
            -0.1655084788799286,
            0.0,
            0.0,
            1.0,
            0.0,
            0.0,
            0.1655084788799286,
            0.0,
            0.9862083792686462,
            0.0,
            5.609949111938477,
            0.0000019073486328125,
            4.76837158203125e-7,
            1.0
        ]
    },
    {
        "bone name": "bip01 r foretwist",
        "bone matrix": [
            0.9862083792686462,
            0.0,
            -0.1655084788799286,
            0.0,
            0.00008029869059100747,
            0.9999998807907105,
            0.0004781824245583266,
            0.0,
            0.1655084490776062,
            -0.00048487764433957636,
            0.9862082600593567,
            0.0,
            5.609949111938477,
            0.0000019073486328125,
            4.76837158203125e-7,
            1.0
        ]
    },
    {
        "bone name": "bip01 ruparmtwist1",
        "bone matrix": [
            1.0,
            0.0,
            0.0,
            0.0,
            0.0,
            0.9994140863418579,
            -0.034227292984724048,
            0.0,
            0.0,
            0.034227292984724048,
            0.9994140863418579,
            0.0,
            2.804973602294922,
            0.0,
            -4.76837158203125e-7,
            1.0
        ]
    },
    {
        "bone name": "bip01 l hand",
        "bone matrix": [
            0.9975805878639221,
            -0.05396702140569687,
            0.04382357746362686,
            0.0,
            -0.04386136680841446,
            0.00048451664042659104,
            0.999037504196167,
            0.0,
            -0.05393631011247635,
            -0.9985425472259522,
            -0.0018837230745702983,
            0.0,
            2.8964004516601564,
            -0.0000019073486328125,
            0.0,
            1.0
        ]
    },
    {
        "bone name": "bip01 l foretwist1",
        "bone matrix": [
            1.0,
            0.0,
            0.0,
            0.0,
            0.0,
            1.0,
            0.0,
            0.0,
            0.0,
            0.0,
            1.0,
            0.0,
            2.89639949798584,
            -0.0000019073486328125,
            -2.384185791015625e-7,
            1.0
        ]
    },
    {
        "bone name": "bip01 r hand",
        "bone matrix": [
            0.9975805878639221,
            0.05396697297692299,
            0.04382357746362686,
            0.0,
            0.04386137053370476,
            0.00048433811753056943,
            -0.9990375638008118,
            0.0,
            -0.05393625795841217,
            0.9985426068305969,
            -0.0018838990945369006,
            0.0,
            2.896402359008789,
            0.0,
            0.0,
            1.0
        ]
    },
    {
        "bone name": "bip01 r foretwist1",
        "bone matrix": [
            1.0,
            0.0,
            0.0,
            0.0,
            0.0,
            1.0,
            0.0,
            0.0,
            0.0,
            0.0,
            1.0,
            0.0,
            2.8963985443115236,
            0.0000019073486328125,
            0.0,
            1.0
        ]
    },
    {
        "bone name": "bip01 l finger0",
        "bone matrix": [
            0.7880052328109741,
            -0.4590867757797241,
            0.41022810339927676,
            0.0,
            0.5303980708122253,
            0.16788502037525178,
            -0.8309588432312012,
            0.0,
            0.31261101365089419,
            0.8723840713500977,
            0.3757930099964142,
            0.0,
            1.0174751281738282,
            -0.9837131500244141,
            0.32636260986328127,
            1.0
        ]
    },
    {
        "bone name": "bip01 l finger1",
        "bone matrix": [
            0.9478523135185242,
            -0.00025379133876413107,
            0.31870973110198977,
            0.0,
            0.0,
            0.9999997019767761,
            0.0007963147945702076,
            0.0,
            -0.3187098503112793,
            -0.0007547895656898618,
            0.9478520154953003,
            0.0,
            2.541257858276367,
            -0.5957851409912109,
            -0.159149169921875,
            1.0
        ]
    },
    {
        "bone name": "bip01 l finger2",
        "bone matrix": [
            0.9913784265518189,
            0.034660838544368747,
            0.1263619214296341,
            0.0,
            -0.034396953880786899,
            0.9993991255760193,
            -0.004270367790013552,
            0.0,
            -0.12643401324748994,
            -0.00011291494593024254,
            0.9919750094413757,
            0.0,
            2.5845718383789064,
            -0.025653600692749025,
            -0.1642608642578125,
            1.0
        ]
    },
    {
        "bone name": "bip01 l finger3",
        "bone matrix": [
            0.9388137459754944,
            0.14668843150138856,
            0.31162676215171816,
            0.0,
            -0.23031458258628846,
            0.9401007294654846,
            0.2513282299041748,
            0.0,
            -0.2560935914516449,
            -0.3077225685119629,
            0.9163639545440674,
            0.0,
            2.4455747604370119,
            0.3759613037109375,
            -0.0665740966796875,
            1.0
        ]
    },
    {
        "bone name": "bip01 l finger4",
        "bone matrix": [
            0.9252898693084717,
            0.20059174299240113,
            0.3218719959259033,
            0.0,
            -0.2824043333530426,
            0.9308949112892151,
            0.2316947728395462,
            0.0,
            -0.2531529664993286,
            -0.3052828907966614,
            0.9179956316947937,
            0.0,
            2.4035472869873049,
            0.8541760444641113,
            0.17755889892578126,
            1.0
        ]
    },
    {
        "bone name": "b_lh",
        "bone matrix": [
            -3.5762786865234377e-7,
            -1.0,
            2.384185791015625e-7,
            0.0,
            -3.5762786865234377e-7,
            -2.384185791015625e-7,
            -1.0,
            0.0,
            1.0,
            -3.5762786865234377e-7,
            -3.5762786865234377e-7,
            0.0,
            2.482236862182617,
            -0.07679533958435059,
            0.5040683746337891,
            1.0
        ]
    },
    {
        "bone name": "bip01 r finger0",
        "bone matrix": [
            0.7880052328109741,
            0.4590867757797241,
            0.41022810339927676,
            0.0,
            -0.5303980708122253,
            0.16788502037525178,
            0.8309588432312012,
            0.0,
            0.31261101365089419,
            -0.8723840713500977,
            0.3757930099964142,
            0.0,
            1.0174732208251954,
            0.983712911605835,
            0.32636260986328127,
            1.0
        ]
    },
    {
        "bone name": "bip01 r finger1",
        "bone matrix": [
            0.9478523135185242,
            0.0002537906402722001,
            0.31870973110198977,
            0.0,
            0.0,
            0.9999997019767761,
            -0.0007963124662637711,
            0.0,
            -0.3187098503112793,
            0.0007547873537987471,
            0.9478520154953003,
            0.0,
            2.541257858276367,
            0.5957851409912109,
            -0.1591510772705078,
            1.0
        ]
    },
    {
        "bone name": "bip01 r finger2",
        "bone matrix": [
            0.9913784265518189,
            -0.034660838544368747,
            0.1263619214296341,
            0.0,
            0.034396953880786899,
            0.9993991255760193,
            0.004270369186997414,
            0.0,
            -0.12643401324748994,
            0.00011291331611573696,
            0.9919750094413757,
            0.0,
            2.5845699310302736,
            0.025653839111328126,
            -0.1642608642578125,
            1.0
        ]
    },
    {
        "bone name": "bip01 r finger3",
        "bone matrix": [
            0.9388137459754944,
            -0.14668843150138856,
            0.3116267919540405,
            0.0,
            0.23031458258628846,
            0.9401007294654846,
            -0.2513282001018524,
            0.0,
            -0.2560936212539673,
            0.3077225387096405,
            0.9163639545440674,
            0.0,
            2.4455747604370119,
            -0.3759613037109375,
            -0.0665740966796875,
            1.0
        ]
    },
    {
        "bone name": "bip01 r finger4",
        "bone matrix": [
            0.9252898693084717,
            -0.20059169828891755,
            0.3218720853328705,
            0.0,
            0.2824043333530426,
            0.9308948516845703,
            -0.23169481754302979,
            0.0,
            -0.253152996301651,
            0.30528295040130618,
            0.9179955720901489,
            0.0,
            2.403545379638672,
            -0.8541758060455322,
            0.17755508422851563,
            1.0
        ]
    },
    {
        "bone name": "b_rh",
        "bone matrix": [
            -0.004977405071258545,
            0.9999127388000488,
            -0.012242883443832398,
            0.0,
            0.00292399525642395,
            0.012257516384124756,
            0.9999206066131592,
            0.0,
            0.9999833106994629,
            0.004941195249557495,
            -0.002984762191772461,
            0.0,
            1.8867454528808594,
            0.8515212535858154,
            0.14776229858398438,
            1.0
        ]
    },
    {
        "bone name": "bip01 l finger01",
        "bone matrix": [
            0.9764363765716553,
            0.0,
            0.21580541133880616,
            0.0,
            0.0,
            1.0,
            0.0,
            0.0,
            -0.21580541133880616,
            0.0,
            0.9764363765716553,
            0.0,
            0.7976322174072266,
            9.5367431640625e-7,
            -9.5367431640625e-7,
            1.0
        ]
    },
    {
        "bone name": "bip01 l finger11",
        "bone matrix": [
            0.950636625289917,
            0.0,
            0.31030622124671938,
            0.0,
            0.0,
            1.0,
            0.0,
            0.0,
            -0.31030622124671938,
            0.0,
            0.950636625289917,
            0.0,
            0.698211669921875,
            0.0,
            0.0,
            1.0
        ]
    },
    {
        "bone name": "bip01 l finger21",
        "bone matrix": [
            0.950395405292511,
            0.0,
            0.31104427576065066,
            0.0,
            0.0,
            1.0,
            0.0,
            0.0,
            -0.31104427576065066,
            0.0,
            0.950395405292511,
            0.0,
            0.7235603332519531,
            -4.76837158203125e-7,
            -0.0000019073486328125,
            1.0
        ]
    },
    {
        "bone name": "bip01 l finger31",
        "bone matrix": [
            0.9614483118057251,
            0.0,
            0.2749857008457184,
            0.0,
            0.0,
            1.0,
            0.0,
            0.0,
            -0.2749857008457184,
            0.0,
            0.9614483118057251,
            0.0,
            0.6786270141601563,
            -4.76837158203125e-7,
            0.0,
            1.0
        ]
    },
    {
        "bone name": "bip01 l finger41",
        "bone matrix": [
            0.945081353187561,
            0.0,
            0.32683509588241579,
            0.0,
            0.0,
            1.0,
            0.0,
            0.0,
            -0.32683509588241579,
            0.0,
            0.945081353187561,
            0.0,
            0.6003732681274414,
            0.0,
            -0.0000019073486328125,
            1.0
        ]
    },
    {
        "bone name": "bip01 r finger01",
        "bone matrix": [
            0.9764363765716553,
            0.0,
            0.21580541133880616,
            0.0,
            0.0,
            1.0,
            0.0,
            0.0,
            -0.21580541133880616,
            0.0,
            0.9764363765716553,
            0.0,
            0.7976322174072266,
            -9.5367431640625e-7,
            9.5367431640625e-7,
            1.0
        ]
    },
    {
        "bone name": "bip01 r finger11",
        "bone matrix": [
            0.950636625289917,
            0.0,
            0.31030622124671938,
            0.0,
            0.0,
            1.0,
            0.0,
            0.0,
            -0.31030622124671938,
            0.0,
            0.950636625289917,
            0.0,
            0.6982097625732422,
            2.384185791015625e-7,
            0.0,
            1.0
        ]
    },
    {
        "bone name": "bip01 r finger21",
        "bone matrix": [
            0.950395405292511,
            0.0,
            0.31104427576065066,
            0.0,
            0.0,
            1.0,
            0.0,
            0.0,
            -0.31104427576065066,
            0.0,
            0.950395405292511,
            0.0,
            0.7235584259033203,
            4.76837158203125e-7,
            0.0,
            1.0
        ]
    },
    {
        "bone name": "bip01 r finger31",
        "bone matrix": [
            0.9614483118057251,
            0.0,
            0.27498576045036318,
            0.0,
            0.0,
            1.0,
            0.0,
            0.0,
            -0.27498576045036318,
            0.0,
            0.9614483118057251,
            0.0,
            0.6786298751831055,
            0.0,
            0.0000019073486328125,
            1.0
        ]
    },
    {
        "bone name": "bip01 r finger41",
        "bone matrix": [
            0.945081353187561,
            0.0,
            0.32683509588241579,
            0.0,
            0.0,
            1.0,
            0.0,
            0.0,
            -0.32683509588241579,
            0.0,
            0.945081353187561,
            0.0,
            0.6003742218017578,
            -2.384185791015625e-7,
            0.0000019073486328125,
            1.0
        ]
    },
    {
        "bone name": "bip01 l finger02",
        "bone matrix": [
            0.9884708523750305,
            0.0,
            0.1514112949371338,
            0.0,
            0.0,
            1.0,
            0.0,
            0.0,
            -0.1514112949371338,
            0.0,
            0.9884708523750305,
            0.0,
            0.7160778045654297,
            -9.5367431640625e-7,
            0.0,
            1.0
        ]
    },
    {
        "bone name": "bip01 l finger12",
        "bone matrix": [
            0.9174931049346924,
            0.0,
            0.39775165915489199,
            0.0,
            0.0,
            1.0,
            0.0,
            0.0,
            -0.39775165915489199,
            0.0,
            0.9174931049346924,
            0.0,
            0.5436801910400391,
            0.0,
            0.0,
            1.0
        ]
    },
    {
        "bone name": "bip01 l finger22",
        "bone matrix": [
            0.9782784581184387,
            0.0,
            0.20729508996009828,
            0.0,
            0.0,
            1.0,
            0.0,
            0.0,
            -0.20729508996009828,
            0.0,
            0.9782784581184387,
            0.0,
            0.6260738372802734,
            4.76837158203125e-7,
            9.5367431640625e-7,
            1.0
        ]
    },
    {
        "bone name": "bip01 l finger32",
        "bone matrix": [
            0.9691115021705627,
            0.0,
            0.2466229498386383,
            0.0,
            0.0,
            1.0,
            0.0,
            0.0,
            -0.2466229498386383,
            0.0,
            0.9691115021705627,
            0.0,
            0.6350994110107422,
            4.76837158203125e-7,
            9.5367431640625e-7,
            1.0
        ]
    },
    {
        "bone name": "bip01 l finger42",
        "bone matrix": [
            0.9731458425521851,
            0.0,
            0.23018938302993775,
            0.0,
            0.0,
            1.0,
            0.0,
            0.0,
            -0.23018938302993775,
            0.0,
