[
    {
        "bone name": "bip01",
        "bone matrix": [
            0.000003482103238638956,
            0.0,
            -2.5399999618530275,
            0.0,
            0.0,
            2.5399999618530275,
            0.0,
            0.0,
            2.5399999618530275,
            0.0,
            0.000003482103238638956,
            0.0,
            -6.48970342354005e-7,
            99.12987518310547,
            -1.606791377067566,
            1.0
        ]
    },
    {
        "bone name": "bip01 pelvis",
        "bone matrix": [
            0.0,
            1.0,
            -0.0000014007091522216797,
            0.0,
            -0.0000014007091522216797,
            0.0000013709068298339844,
            1.0,
            0.0,
            1.0,
            0.0,
            0.0000013709068298339844,
            0.0,
            0.18634033203125,
            0.0,
            0.0,
            1.0
        ]
    },
    {
        "bone name": "add_l101",
        "bone matrix": [
            0.03738107159733772,
            -0.9923121333122253,
            0.11772875487804413,
            0.0,
            -0.9992714524269104,
            -0.03705475851893425,
            0.004440046846866608,
            0.0,
            -0.000039886683225631714,
            -0.11781243979930878,
            -0.9929741621017456,
            0.0,
            3.958343029022217,
            2.969409942626953,
            2.114861249923706,
            1.0
        ]
    },
    {
        "bone name": "add_r101",
        "bone matrix": [
            0.03739003464579582,
            -0.9921826720237732,
            -0.11862422525882721,
            0.0,
            -0.9992089867591858,
            -0.038076478987932208,
            0.004432030022144318,
            0.0,
            -0.008921053260564804,
            0.11837130039930344,
            -0.9928210973739624,
            0.0,
            3.95833683013916,
            2.9694061279296877,
            -2.114964723587036,
            1.0
        ]
    },
    {
        "bone name": "add_r401",
        "bone matrix": [
            -0.1532474160194397,
            -0.9868130087852478,
            -0.051369864493608478,
            0.0,
            -0.9881126284599304,
            0.15354788303375245,
            -0.0006207060068845749,
            0.0,
            0.00849883258342743,
            0.05066575109958649,
            -0.998613178730011,
            0.0,
            -3.6396350860595705,
            3.7985153198242189,
            -2.79093599319458,
            1.0
        ]
    },
    {
        "bone name": "add_l401",
        "bone matrix": [
            -0.15327972173690797,
            -0.9868069887161255,
            0.051402583718299869,
            0.0,
            -0.9881181716918945,
            0.15351539850234986,
            -0.0006367415189743042,
            0.0,
            -0.007261309772729874,
            -0.05089110508561134,
            -0.998612642288208,
            0.0,
            -3.639626979827881,
            3.798511505126953,
            2.7909069061279299,
            1.0
        ]
    },
    {
        "bone name": "add_m101",
        "bone matrix": [
            -0.1662079095840454,
            -0.9860906600952148,
            0.0,
            0.0,
            -0.9860906600952148,
            0.16620802879333497,
            0.0000017475867934990675,
            0.0,
            -0.0000017181199609694887,
            3.2107163860928269e-7,
            -0.9999998807907105,
            0.0,
            -4.087836742401123,
            3.426769256591797,
            0.000010013580322265625,
            1.0
        ]
    },
    {
        "bone name": "bip01 spine",
        "bone matrix": [
            0.9947141408920288,
            0.0000011992738109256607,
            0.10268301516771317,
            0.0,
            -0.0000016346939446520992,
            1.0,
            0.000004156280283496017,
            0.0,
            -0.10268301516771317,
            -0.0000043021659621445,
            0.9947141408920288,
            0.0,
            4.487274169921875,
            0.000004718815034721047,
            0.43747639656066897,
            1.0
        ]
    },
    {
        "bone name": "b_lp",
        "bone matrix": [
            -0.8958825469017029,
            0.04646759480237961,
            -0.4418543577194214,
            0.0,
            -0.06152699887752533,
            -0.9979089498519898,
            0.01980411447584629,
            0.0,
            -0.440010130405426,
            0.044928133487701419,
            0.8968681693077087,
            0.0,
            6.2541961669921879,
            7.122915744781494,
            0.807175874710083,
            1.0
        ]
    },
    {
        "bone name": "b_rp",
        "bone matrix": [
            -0.9097861647605896,
            -0.07043224573135376,
            -0.4090577960014343,
            0.0,
            0.07901224493980408,
            -0.9968651533126831,
            -0.004089396446943283,
            0.0,
            -0.4074874520301819,
            -0.036041051149368289,
            0.9124993681907654,
            0.0,
            6.415313720703125,
            -7.025110721588135,
            0.8394497632980347,
            1.0
        ]
    },
    {
        "bone name": "add_l102",
        "bone matrix": [
            1.0,
            0.0,
            0.0,
            0.0,
            0.0,
            1.0,
            0.0,
            0.0,
            0.0,
            0.0,
            1.0,
            0.0,
            5.606838226318359,
            0.0,
            0.0,
            1.0
        ]
    },
    {
        "bone name": "add_r102",
        "bone matrix": [
            1.0,
            0.0,
            0.0,
            0.0,
            0.0,
            1.0,
            0.0,
            0.0,
            0.0,
            0.0,
            1.0,
            0.0,
            5.563510894775391,
            -0.000003814697265625,
            0.0,
            1.0
        ]
    },
    {
        "bone name": "add_r402",
        "bone matrix": [
            1.0,
            0.0,
            0.0,
            0.0,
            0.0,
            1.0,
            0.0,
            0.0,
            0.0,
            0.0,
            1.0,
            0.0,
            7.003726959228516,
            0.0,
            -4.76837158203125e-7,
            1.0
        ]
    },
    {
        "bone name": "add_l402",
        "bone matrix": [
            1.0,
            0.0,
            0.0,
            0.0,
            0.0,
            1.0,
            0.0,
            0.0,
            0.0,
            0.0,
            1.0,
            0.0,
            7.003726959228516,
            0.0,
            -9.5367431640625e-7,
            1.0
        ]
    },
    {
        "bone name": "add_m102",
        "bone matrix": [
            1.0,
            0.0,
            0.0,
            0.0,
            0.0,
            1.0,
            0.0,
            0.0,
            0.0,
            0.0,
            1.0,
            0.0,
            6.686977386474609,
            0.0,
            -6.193549779709429e-7,
            1.0
        ]
    },
    {
        "bone name": "bip01 spine1",
        "bone matrix": [
            0.9899047613143921,
            -3.9311379396167469e-7,
            -0.14173412322998048,
            0.0,
            3.9311379396167469e-7,
            1.0,
            0.0,
            0.0,
            0.14173412322998048,
            0.0,
            0.9899047613143921,
            0.0,
            3.6634483337402345,
            0.0,
            -0.0030312538146972658,
            1.0
        ]
    },
    {
        "bone name": "bip01 l thigh",
        "bone matrix": [
            -0.99570232629776,
            0.07814158499240875,
            0.04970569908618927,
            0.0,
            -0.07782262563705445,
            -0.9969324469566345,
            0.008323118090629578,
            0.0,
            0.050203606486320499,
            0.0044191209599375729,
            0.9987292289733887,
            0.0,
            -4.508476257324219,
            3.5143113136291506,
            0.025594711303710939,
            1.0
        ]
    },
    {
        "bone name": "bip01 r thigh",
        "bone matrix": [
            -0.9957025647163391,
            -0.07814155519008637,
            0.04970613867044449,
            0.0,
            0.07782287895679474,
            -0.9969326853752136,
            -0.008317593485116959,
            0.0,
            0.05020361393690109,
            -0.004413573071360588,
            0.9987292289733887,
            0.0,
            -4.508476257324219,
            -3.514309883117676,
            0.025614261627197267,
            1.0
        ]
    },
    {
        "bone name": "b_spine",
        "bone matrix": [
            -0.9705299139022827,
            -7.653592888345884e-7,
            -0.24098068475723267,
            0.0,
            5.253505719338136e-7,
            1.0,
            -0.000005291825800668448,
            0.0,
            0.24098068475723267,
            -0.000005262474587652832,
            -0.9705299139022827,
            0.0,
            3.0037002563476564,
            -2.646429493324831e-7,
            -6.325097560882568,
            1.0
        ]
    },
    {
        "bone name": "add_l103",
        "bone matrix": [
            1.0,
            0.0,
            0.0,
            0.0,
            0.0,
            1.0,
            0.0,
            0.0,
            0.0,
            0.0,
            1.0,
            0.0,
            9.510313034057618,
            0.0000019073486328125,
            0.0,
            1.0
        ]
    },
    {
        "bone name": "add_r103",
        "bone matrix": [
            1.0,
            0.0,
            0.0,
            0.0,
            0.0,
            1.0,
            0.0,
            0.0,
            0.0,
            0.0,
            1.0,
            0.0,
            9.602251052856446,
            0.0,
            4.76837158203125e-7,
            1.0
        ]
    },
    {
        "bone name": "add_r403",
        "bone matrix": [
            1.0,
            0.0,
            0.0,
            0.0,
            0.0,
            1.0,
            0.0,
            0.0,
            0.0,
            0.0,
            1.0,
            0.0,
            10.979053497314454,
            0.0,
            -0.00000286102294921875,
            1.0
        ]
    },
    {
        "bone name": "add_l403",
        "bone matrix": [
            1.0,
            0.0,
            0.0,
            0.0,
            0.0,
            1.0,
            0.0,
            0.0,
            0.0,
            0.0,
            1.0,
            0.0,
            10.979047775268555,
            0.0,
            -0.0000019073486328125,
            1.0
        ]
    },
    {
        "bone name": "add_m103",
        "bone matrix": [
            1.0,
            0.0,
            0.0,
            0.0,
            0.0,
            1.0,
            0.0,
            0.0,
            0.0,
            0.0,
            1.0,
            0.0,
            11.103866577148438,
            9.5367431640625e-7,
            -0.000003215473043383099,
            1.0
        ]
    },
    {
        "bone name": "bip01 spine2",
        "bone matrix": [
            0.9849979281425476,
            -4.5534659420809478e-7,
            -0.17256605625152589,
            0.0,
            4.5706644868914739e-7,
            1.0,
            0.0,
            0.0,
            0.17256605625152589,
            0.0,
            0.9849979281425476,
            0.0,
            3.844707489013672,
            0.0,
            -0.0071125030517578129,
            1.0
        ]
    },
    {
        "bone name": "bip01 l calf",
        "bone matrix": [
            1.0,
            0.0,
            0.0,
            0.0,
            0.0,
            1.0,
            0.0,
            0.0,
            0.0,
            0.0,
            1.0,
            0.0,
            16.936159133911134,
            -4.76837158203125e-7,
            0.0,
            1.0
        ]
    },
    {
        "bone name": "bone_l_thightwist",
        "bone matrix": [
            1.0,
            0.0,
            0.0,
            0.0,
            0.0,
            0.9997020959854126,
            -0.02440764382481575,
            0.0,
            0.0,
            0.02440764382481575,
            0.9997020959854126,
            0.0,
            0.0,
            0.0,
            0.0,
            1.0
        ]
    },
    {
        "bone name": "bip01 r calf",
        "bone matrix": [
            1.0,
            0.0,
            0.0,
            0.0,
            0.0,
            1.0,
            0.0,
            0.0,
            0.0,
            0.0,
            1.0,
            0.0,
            16.936153411865236,
            0.0,
            0.0,
            1.0
        ]
    },
    {
        "bone name": "bone_r_thightwist",
        "bone matrix": [
            1.0,
            0.0,
            0.0,
            0.0,
            0.0,
            1.0,
            0.0,
            0.0,
            0.0,
            0.0,
            1.0,
            0.0,
            -0.000003814697265625,
            0.0,
            -3.5762786865234377e-7,
            1.0
        ]
    },
    {
        "bone name": "bip01 neck",
        "bone matrix": [
            0.9762294888496399,
            6.011484856571769e-7,
            0.21673943102359773,
            0.0,
            -6.011484856571769e-7,
            1.0,
            0.0,
            0.0,
            -0.21673943102359773,
            0.0,
            0.9762294888496399,
            0.0,
            9.069656372070313,
            0.0,
            -0.00156402587890625,
            1.0
        ]
    },
    {
        "bone name": "b_lc",
        "bone matrix": [
            -0.899829626083374,
            -0.43579912185668948,
            0.019641965627670289,
            0.0,
            -0.05263406038284302,
            0.06376093626022339,
            -0.9965762495994568,
            0.0,
            0.433054655790329,
            -0.8977826237678528,
            -0.0803118348121643,
            0.0,
            16.040706634521486,
            7.086075305938721,
            -6.855902671813965,
            1.0
        ]
    },
    {
        "bone name": "b_rc",
        "bone matrix": [
            -0.903529167175293,
            0.42424407601356509,
            0.06043252348899841,
            0.0,
            0.089811772108078,
            0.049579620361328128,
            0.994723916053772,
            0.0,
            0.4190095067024231,
            0.9041895866394043,
            -0.08289885520935059,
            0.0,
            15.952381134033204,
            -7.335615158081055,
            -6.545055389404297,
            1.0
        ]
    },
    {
        "bone name": "b_spine2",
        "bone matrix": [
            0.9987351298332214,
            -0.008521797135472298,
            -0.0495532751083374,
            0.0,
            0.017855936661362649,
            0.9814066886901856,
            0.19110749661922456,
            0.0,
            0.04700333625078201,
            -0.19175060093402863,
            0.9803175330162048,
            0.0,
            4.468021392822266,
            0.06980094313621521,
            -9.021855354309082,
            1.0
        ]
    },
    {
        "bone name": "b_long",
        "bone matrix": [
            0.9144267439842224,
            0.3986349105834961,
            -0.07009899616241455,
            0.0,
            -0.12672363221645356,
            0.11748868227005005,
            -0.9849555492401123,
            0.0,
            -0.3844018578529358,
            0.9095529317855835,
            0.1579512655735016,
            0.0,
            -6.6318511962890629,
            -2.644070863723755,
            -5.172534942626953,
            1.0
        ]
    },
    {
        "bone name": "bip01 l foot",
        "bone matrix": [
            0.9954463243484497,
            0.07826565206050873,
            0.05441592261195183,
            0.0,
            -0.08147808909416199,
            0.9948938488960266,
            0.05956058204174042,
            0.0,
            -0.04947652295231819,
            -0.06372306495904923,
            0.9967404007911682,
            0.0,
            18.232234954833986,
            0.0,
            0.0,
            1.0
        ]
    },
    {
        "bone name": "add_l301",
        "bone matrix": [
            0.9700706601142883,
            0.024974077939987184,
            -0.2415352463722229,
            0.0,
            0.026305504143238069,
            -0.9996513724327087,
            0.0022887997329235079,
            0.0,
            -0.24139386415481568,
            -0.008574003353714943,
            -0.9703893661499023,
            0.0,
            3.6199607849121095,
            -0.14493942260742188,
            -4.978787899017334,
            1.0
        ]
    },
    {
        "bone name": "add_l201",
        "bone matrix": [
            0.987704336643219,
            0.0065429676324129108,
            0.15619626641273499,
            0.0,
            0.014053020626306534,
            -0.9987949728965759,
            -0.04702511057257652,
            0.0,
            0.15570035576820374,
            0.04864193871617317,
            -0.9866061210632324,
            0.0,
            2.6245346069335939,
            -0.20720195770263673,
            4.278634548187256,
            1.0
        ]
    },
    {
        "bone name": "bip01 r foot",
        "bone matrix": [
            0.9954463243484497,
            -0.07826582342386246,
            0.05441592261195183,
            0.0,
            0.08147826045751572,
            0.9948938488960266,
            -0.059560567140579227,
            0.0,
            -0.049476508051157,
            0.06372306495904923,
            0.9967404007911682,
            0.0,
            18.232234954833986,
            4.76837158203125e-7,
            0.0,
            1.0
        ]
    },
    {
        "bone name": "add_r201",
        "bone matrix": [
            0.9874219298362732,
            -0.022847963497042657,
            0.15644767880439759,
            0.0,
            -0.022896574810147287,
            -0.9997368454933167,
            -0.0014916678192093969,
            0.0,
            0.1564405858516693,
            -0.0021092104725539686,
            -0.9876852035522461,
            0.0,
            2.709686279296875,
            0.21114444732666017,
            4.249210357666016,
            1.0
        ]
    },
    {
        "bone name": "add_r301",
        "bone matrix": [
            0.9621549844741821,
            -0.12428779900074005,
            -0.24250829219818116,
            0.0,
            -0.12478561699390412,
            -0.9920936822891235,
            0.013368746265769005,
            0.0,
            -0.24225249886512757,
            0.017398739233613015,
            -0.9700572490692139,
            0.0,
            3.667285919189453,
            0.17697525024414063,
            -5.00004243850708,
            1.0
        ]
    },
    {
        "bone name": "bip01 neck1",
        "bone matrix": [
            0.967956006526947,
            6.965062766539631e-7,
            0.2511198818683624,
            0.0,
            -6.965062766539631e-7,
            1.0,
            0.0,
            0.0,
            -0.2511198818683624,
            0.0,
            0.967956006526947,
            0.0,
            2.0119285583496095,
            0.0,
            -0.0015506744384765626,
            1.0
        ]
    },
    {
        "bone name": "bip01 l clavicle",
        "bone matrix": [
            -0.3489442467689514,
            0.9364909529685974,
            -0.03496425598859787,
            0.0,
            0.9119037985801697,
            0.33070939779281618,
            -0.2430284321308136,
            0.0,
            -0.21603092551231385,
            -0.11668741703033447,
            -0.9693887233734131,
            0.0,
            0.000003814697265625,
            2.1762866973876955,
            0.0015956759452819825,
            1.0
        ]
    },
    {
        "bone name": "bip01 r clavicle",
        "bone matrix": [
            -0.34894421696662905,
            -0.9364911317825317,
            -0.03495904803276062,
            0.0,
            -0.9119037389755249,
            0.3307107388973236,
            0.24302656948566438,
            0.0,
            -0.21603089570999146,
            0.1166820377111435,
            -0.9693893194198608,
            0.0,
            0.000003814697265625,
            -2.1762871742248537,
            0.0016077160835266114,
            1.0
        ]
    },
    {
        "bone name": "bip01 l toe0",
        "bone matrix": [
            0.0,
            0.0,
            0.9999999403953552,
            0.0,
            0.0,
            1.0,
            0.0,
            0.0,
            -0.9999999403953552,
            0.0,
            0.0,
            0.0,
            3.996706485748291,
            0.0,
            5.038512229919434,
            1.0
        ]
    },
    {
        "bone name": "add_l302",
        "bone matrix": [
            0.9982500076293945,
            -0.05148725211620331,
            -0.029085692018270494,
            0.0,
            0.05121668428182602,
            0.9986377358436585,
            -0.009972644038498402,
            0.0,
            0.029559534043073655,
            0.008465520106256009,
            0.9995271563529968,
            0.0,
            5.524299621582031,
            0.0005273818969726563,
            -0.000041961669921875,
            1.0
        ]
    },
    {
        "bone name": "add_l202",
        "bone matrix": [
            0.9996601939201355,
            -0.008084245026111603,
            0.024782827123999597,
            0.0,
            0.008026327937841416,
            0.9999648332595825,
            0.002435556147247553,
            0.0,
            -0.024801643565297128,
            -0.002235813532024622,
            0.9996898770332336,
            0.0,
            8.332660675048829,
            -0.000010967254638671875,
            -0.00002956390380859375,
            1.0
        ]
    },
    {
        "bone name": "bip01 r toe0",
        "bone matrix": [
            0.0,
            0.0,
            0.9999999403953552,
            0.0,
            0.0,
            1.0,
            0.0,
            0.0,
            -0.9999999403953552,
            0.0,
            0.0,
            0.0,
            3.996706485748291,
            0.0,
            5.038512706756592,
            1.0
        ]
    },
    {
        "bone name": "add_r202",
        "bone matrix": [
            0.9998918771743774,
            0.000005722786681872094,
            0.014705159701406956,
            0.0,
            -0.000005616991529677762,
            1.0,
            -0.000007235712928377325,
            0.0,
            -0.014705159701406956,
            0.0000071523313636134848,
            0.9998918771743774,
            0.0,
            8.273849487304688,
            0.0,
            0.0000896453857421875,
            1.0
        ]
    },
    {
        "bone name": "add_r302",
        "bone matrix": [
            0.9982545971870422,
            -0.050727441906929019,
            -0.03024102933704853,
            0.0,
            0.05064363777637482,
            0.998710572719574,
            -0.0035311386454850437,
            0.0,
            0.030381159856915475,
            0.001993459416553378,
            0.999536395072937,
            0.0,
            5.471546173095703,
            2.384185791015625e-7,
            -0.000102996826171875,
            1.0
        ]
    },
    {
        "bone name": "bip01 head",
        "bone matrix": [
            0.9956095218658447,
            -2.4017288069444478e-7,
            -0.09360365569591522,
            0.0,
            2.3835904983116053e-7,
            1.0,
            0.0,
            0.0,
            0.09360365569591522,
            0.0,
            0.9956095218658447,
            0.0,
            2.011516571044922,
            0.0,
            0.0,
            1.0
        ]
    },
    {
        "bone name": "bip01 l upperarm",
        "bone matrix": [
            0.7149573564529419,
            -0.6692397594451904,
            0.20237109065055848,
            0.0,
            0.6991053819656372,
            0.6804163455963135,
            -0.21973928809165955,
            0.0,
            0.009361706674098969,
            0.29858294129371645,
            0.9543377757072449,
            0.0,
            5.695535659790039,
            0.0,
            0.0,
            1.0
        ]
    },
    {
        "bone name": "bone_shd_l",
        "bone matrix": [
            0.9633775949478149,
            -0.26661261916160586,
            0.0286574587225914,
            0.0,
            -0.036948062479496,
            -0.23783549666404725,
            -0.9706025123596191,
            0.0,
            0.2655906081199646,
            0.9339978694915772,
            -0.23897622525691987,
            0.0,
            1.1308765411376954,
            3.1443443298339845,
            -0.5737371444702148,
            1.0
        ]
    },
    {
        "bone name": "bip01 r upperarm",
        "bone matrix": [
            0.7149574160575867,
            0.6692397594451904,
            0.2023710310459137,
            0.0,
            -0.6991052627563477,
            0.6804163455963135,
            0.21973931789398194,
            0.0,
            0.009361743927001953,
            -0.29858291149139407,
            0.9543377757072449,
            0.0,
            5.695533752441406,
            0.0,
            0.0,
            1.0
        ]
    },
    {
        "bone name": "bone_shd_r",
        "bone matrix": [
            0.9633768200874329,
            0.2666151225566864,
            0.028660528361797334,
            0.0,
            -0.036945246160030368,
            0.2378341257572174,
            -0.9706029295921326,
            0.0,
            -0.26559385657310488,
            0.9339975714683533,
            0.23897403478622437,
            0.0,
            1.1308441162109376,
            -3.1443405151367189,
            -0.5737218856811523,
            1.0
        ]
    },
    {
        "bone name": "add_l303",
        "bone matrix": [
            0.9975292682647705,
            0.070192351937294,
            -0.002893029246479273,
            0.0,
            -0.07022228837013245,
            0.997458815574646,
            -0.012031439691781998,
            0.0,
            0.002041162457317114,
            0.012204868718981743,
            0.9999234676361084,
            0.0,
            8.373497009277344,
            0.002548694610595703,
            0.0003604888916015625,
            1.0
        ]
    },
    {
        "bone name": "add_l203",
        "bone matrix": [
            0.9994625449180603,
            0.024201413616538049,
            0.02211333066225052,
            0.0,
            -0.024352582171559335,
            0.9996817111968994,
            0.006592543795704842,
            0.0,
            -0.0219467431306839,
            -0.007127516902983189,
            0.9997337460517883,
            0.0,
            5.527584075927734,
            0.0,
            0.0,
            1.0
        ]
    },
    {
        "bone name": "add_r203",
        "bone matrix": [
            0.9995826482772827,
            -0.000006676075372524792,
            0.028887499123811723,
            0.0,
            0.000006328932158794487,
            1.0,
            0.000012108517694287002,
            0.0,
            -0.028887499123811723,
            -0.000011920637916773558,
            0.9995826482772827,
            0.0,
            5.66560173034668,
            9.5367431640625e-7,
            0.0,
            1.0
        ]
    },
    {
        "bone name": "add_r303",
        "bone matrix": [
            0.9986956119537354,
            -0.05101395398378372,
            -0.002137082628905773,
            0.0,
            0.05101790279150009,
            0.9986960291862488,
            0.0018353426130488515,
            0.0,
            0.002040667925029993,
            -0.0019419781165197492,
            0.9999960064888,
            0.0,
            8.452098846435547,
            0.0,
            9.5367431640625e-7,
            1.0
        ]
    },
    {
        "bone name": "b_hat",
        "bone matrix": [
            0.9992679953575134,
            -0.02864663302898407,
            0.02535349689424038,
            0.0,
            0.02736421674489975,
            0.9983962178230286,
            0.049559369683265689,
            0.0,
            -0.026732543483376504,
            -0.04882931709289551,
            0.9984493255615234,
            0.0,
            6.405063629150391,
            0.003758259117603302,
            1.3332338333129883,
            1.0
        ]
    },
    {
        "bone name": "bip01 l forearm",
        "bone matrix": [
            0.9931575655937195,
            0.0,
            -0.11678211390972138,
            0.0,
            0.0,
            1.0,
            0.0,
            0.0,
            0.11678211390972138,
            0.0,
            0.9931575655937195,
            0.0,
            9.556877136230469,
            -0.0000019073486328125,
            -4.76837158203125e-7,
            1.0
        ]
    },
    {
        "bone name": "bip01 l foretwist",
        "bone matrix": [
            0.9931575655937195,
            0.0,
            -0.11678211390972138,
            0.0,
            0.015591079369187355,
            0.9910479784011841,
            0.13259240984916688,
            0.0,
            0.1157366931438446,
            -0.1335059106349945,
            0.9842668175697327,
            0.0,
            9.556877136230469,
            -0.0000019073486328125,
            -4.76837158203125e-7,
            1.0
        ]
    },
    {
        "bone name": "bone_l_armtwist",
        "bone matrix": [
            1.0,
            0.0,
            0.0,
            0.0,
            0.0,
            1.0,
            0.0,
            0.0,
            0.0,
            0.0,
            1.0,
            0.0,
            -0.9534988403320313,
            0.0,
            -4.76837158203125e-7,
            1.0
        ]
    },
    {
        "bone name": "bip01 r forearm",
        "bone matrix": [
            0.9931575655937195,
            0.0,
            -0.11678211390972138,
            0.0,
            0.0,
            1.0,
            0.0,
            0.0,
            0.11678211390972138,
            0.0,
            0.9931575655937195,
            0.0,
            9.556880950927735,
            0.0000019073486328125,
            4.76837158203125e-7,
            1.0
        ]
    },
    {
        "bone name": "bip01 r foretwist",
        "bone matrix": [
            0.9931575655937195,
            0.0,
            -0.11678212136030197,
            0.0,
            -0.015591053292155266,
            0.9910479784011841,
            -0.13259246945381165,
            0.0,
            0.1157367005944252,
            0.13350597023963929,
            0.9842668175697327,
            0.0,
            9.556880950927735,
            0.0000019073486328125,
            4.76837158203125e-7,
            1.0
        ]
    },
    {
        "bone name": "bone_r_armtwist",
        "bone matrix": [
            1.0,
            0.0,
            0.0,
            0.0,
            0.0,
            1.0,
            0.0,
            0.0,
            0.0,
            0.0,
            1.0,
            0.0,
            -0.9534988403320313,
            -0.0000019073486328125,
            0.0,
            1.0
        ]
    },
    {
        "bone name": "bip01 l hand",
        "bone matrix": [
            0.9866195917129517,
            -0.13631300628185273,
            0.08944551646709442,
            0.0,
            -0.10766293108463288,
            -0.1327299326658249,
            0.9852875471115112,
            0.0,
            -0.12243540585041046,
            -0.981734037399292,
            -0.14562980830669404,
            0.0,
            4.207725524902344,
            0.0,
            0.0,
            1.0
        ]
    },
    {
        "bone name": "bip01 l foretwist1",
        "bone matrix": [
            1.0,
            0.0,
            0.0,
            0.0,
            0.0,
            0.9910480380058289,
            0.1335059255361557,
            0.0,
            0.0,
            -0.1335059255361557,
            0.9910480380058289,
            0.0,
            4.207721710205078,
            0.0,
            -4.76837158203125e-7,
            1.0
        ]
    },
    {
        "bone name": "bip01 r hand",
        "bone matrix": [
            0.9866195917129517,
            0.1363130509853363,
            0.08944553136825562,
            0.0,
            0.10766294598579407,
            -0.13272981345653535,
            -0.9852874279022217,
            0.0,
            -0.12243545055389404,
            0.9817339181900024,
            -0.14562970399856568,
            0.0,
            4.207723617553711,
            0.0,
            0.0,
            1.0
        ]
    },
    {
        "bone name": "bip01 r foretwist1",
        "bone matrix": [
            1.0,
            0.0,
            0.0,
            0.0,
            0.0,
            0.9910480380058289,
            -0.1335059553384781,
            0.0,
            0.0,
            0.1335059553384781,
            0.9910480380058289,
            0.0,
            4.207725524902344,
            0.0,
            0.0,
            1.0
        ]
    },
    {
        "bone name": "bip01 l finger0",
        "bone matrix": [
            0.7995651960372925,
            -0.5462487936019898,
            0.2496151179075241,
            0.0,
            0.2576053738594055,
            -0.06351813673973084,
            -0.9641602635383606,
            0.0,
            0.5425264239311218,
            0.8352112174034119,
            0.08992969989776612,
            0.0,
            0.8499069213867188,
            -1.20562744140625,
            1.2673416137695313,
            1.0
        ]
    },
    {
        "bone name": "bip01 l finger1",
        "bone matrix": [
            0.9854685664176941,
            -0.090812548995018,
            0.14354349672794343,
            0.0,
            0.08074703812599182,
            0.9939489364624023,
            0.07446776330471039,
            0.0,
            -0.14943750202655793,
            -0.061794932931661609,
            0.9868382811546326,
            0.0,
            3.5671119689941408,
            -1.1892709732055665,
            0.197784423828125,
            1.0
        ]
    },
    {
        "bone name": "bip01 l finger2",
        "bone matrix": [
            0.9773023128509522,
            -0.09762907773256302,
            0.18801249563694,
            0.0,
            0.08490511029958725,
            0.9935925006866455,
            0.07459904253482819,
            0.0,
            -0.1940908581018448,
            -0.05694259703159332,
            0.9793294668197632,
            0.0,
            3.571216583251953,
            -0.24117374420166017,
            0.062053680419921878,
            1.0
        ]
    },
    {
        "bone name": "bip01 l finger3",
        "bone matrix": [
            0.9845952391624451,
            -0.02528170868754387,
            0.17301183938980103,
            0.0,
            -0.015475612133741379,
            0.9730077385902405,
            0.23025311529636384,
            0.0,
            -0.17416304349899293,
            -0.22938357293605805,
            0.957627534866333,
            0.0,
            3.564300537109375,
            0.6087760925292969,
            0.20357131958007813,
            1.0
        ]
    },
    {
        "bone name": "bip01 l finger4",
        "bone matrix": [
            0.9856630563735962,
            -0.02650904282927513,
            0.16663001477718354,
            0.0,
            -0.021282199770212175,
            0.960159420967102,
            0.27864116430282595,
            0.0,
            -0.16737790405750276,
            -0.27819257974624636,
            0.9458295106887817,
            0.0,
            3.273212432861328,
            1.4729509353637696,
            0.4408302307128906,
            1.0
        ]
    },
    {
        "bone name": "b_lh",
        "bone matrix": [
            3.5762786865234377e-7,
            -1.0,
            7.152557373046875e-7,
            0.0,
            -5.960464477539063e-7,
            -7.152557373046875e-7,
            -1.0,
            0.0,
            1.0,
            3.5762786865234377e-7,
            -5.960464477539063e-7,
            0.0,
            2.9606781005859377,
            -0.0000019073486328125,
            0.9842433929443359,
            1.0
        ]
    },
    {
        "bone name": "bip01 r finger0",
        "bone matrix": [
            0.7995652556419373,
            0.5462487936019898,
            0.24961505830287934,
            0.0,
            -0.25760525465011599,
            -0.06351810693740845,
            0.9641602635383606,
            0.0,
            0.5425264239311218,
            -0.8352112174034119,
            0.08992969989776612,
            0.0,
            0.8499069213867188,
            1.2056264877319337,
            1.2673416137695313,
            1.0
        ]
    },
    {
        "bone name": "bip01 r finger1",
        "bone matrix": [
            0.9854686260223389,
            0.09081252664327622,
            0.14354346692562104,
            0.0,
            -0.08074701577425003,
            0.9939489364624023,
            -0.07446779310703278,
            0.0,
            -0.14943747222423554,
            0.06179496645927429,
            0.9868383407592773,
            0.0,
            3.5671157836914064,
            1.1892719268798829,
            0.197784423828125,
            1.0
        ]
    },
    {
        "bone name": "bip01 r finger2",
        "bone matrix": [
            0.9773023128509522,
            0.09762907773256302,
            0.1880124807357788,
            0.0,
            -0.08490511029958725,
            0.9935925006866455,
