[
    {
        "bone name": "bip01",
        "bone matrix": [
            0.000003482103238638956,
            0.0,
            -2.5399999618530275,
            0.0,
            0.0,
            2.5399999618530275,
            0.0,
            0.0,
            2.5399999618530275,
            0.0,
            0.000003482103238638956,
            0.0,
            -7.054132993289386e-7,
            99.12999725341797,
            -1.6067699193954468,
            1.0
        ]
    },
    {
        "bone name": "bip01 pelvis",
        "bone matrix": [
            0.0,
            1.0,
            -0.0000014007091522216797,
            0.0,
            -0.0000014007091522216797,
            0.0000013709068298339844,
            1.0,
            0.0,
            1.0,
            0.0,
            0.0000013709068298339844,
            0.0,
            0.18634033203125,
            0.0,
            4.501998773775995e-11,
            1.0
        ]
    },
    {
        "bone name": "add_l101",
        "bone matrix": [
            0.03736868128180504,
            -0.9923392534255981,
            0.1177554577589035,
            0.0,
            -0.999301552772522,
            -0.037102434784173968,
            0.004452556371688843,
            0.0,
            -0.000049427151679992679,
            -0.11783959716558457,
            -0.9930325746536255,
            0.0,
            3.958343982696533,
            2.9694061279296877,
            2.114860773086548,
            1.0
        ]
    },
    {
        "bone name": "add_r101",
        "bone matrix": [
            0.037366222590208057,
            -0.9922316670417786,
            -0.11866055428981781,
            0.0,
            -0.9992616772651672,
            -0.038163650780916217,
            0.004452500492334366,
            0.0,
            -0.008946415036916733,
            0.11840656399726868,
            -0.9929251074790955,
            0.0,
            3.95833683013916,
            2.969409942626953,
            -2.1149652004241945,
            1.0
        ]
    },
    {
        "bone name": "add_r401",
        "bone matrix": [
            -0.15330034494400025,
            -0.986840009689331,
            -0.051436714828014377,
            0.0,
            -0.9881429672241211,
            0.15353524684906007,
            -0.0006249379366636276,
            0.0,
            0.00851406343281269,
            0.050731025636196139,
            -0.9986761212348938,
            0.0,
            -3.6396350860595705,
            3.7985153198242189,
            -2.79093599319458,
            1.0
        ]
    },
    {
        "bone name": "add_l401",
        "bone matrix": [
            -0.15329977869987489,
            -0.9868391156196594,
            0.051455289125442508,
            0.0,
            -0.9881529211997986,
            0.15347126126289369,
            -0.0006253812462091446,
            0.0,
            -0.007279757410287857,
            -0.05094156414270401,
            -0.9986751079559326,
            0.0,
            -3.639626979827881,
            3.798511505126953,
            2.7909069061279299,
            1.0
        ]
    },
    {
        "bone name": "add_m101",
        "bone matrix": [
            -0.1662081480026245,
            -0.9860907196998596,
            -2.5096824174397626e-8,
            0.0,
            -0.9860907196998596,
            0.16620802879333497,
            0.0000017828513136919356,
            0.0,
            -0.0000017538818610773888,
            3.210720365132147e-7,
            -1.0000001192092896,
            0.0,
            -4.087836742401123,
            3.426769256591797,
            0.000010013580322265625,
            1.0
        ]
    },
    {
        "bone name": "bip01 spine",
        "bone matrix": [
            0.9947141408920288,
            0.0000011965206567765563,
            0.10268301516771317,
            0.0,
            -0.0000016319653468599427,
            1.0,
            0.000004156659542786656,
            0.0,
            -0.10268301516771317,
            -0.000004302263278077589,
            0.9947141408920288,
            0.0,
            4.487274169921875,
            0.00000471881139674224,
            0.43747639656066897,
            1.0
        ]
    },
    {
        "bone name": "b_lp",
        "bone matrix": [
            -0.8461989760398865,
            0.04646783322095871,
            -0.5308368802070618,
            0.0,
            -0.06322436779737473,
            -0.9979088306427002,
            0.0134311243891716,
            0.0,
            -0.5291027426719666,
            0.04492723196744919,
            0.8473675847053528,
            0.0,
            6.207630157470703,
            7.1229166984558109,
            0.9853435754776001,
            1.0
        ]
    },
    {
        "bone name": "b_rp",
        "bone matrix": [
            -0.8633719682693481,
            -0.07043207436800003,
            -0.49962788820266726,
            0.0,
            0.07901813834905625,
            -0.9968651533126831,
            0.0039814431220293049,
            0.0,
            -0.4983420968055725,
            -0.03604219853878021,
            0.8662309646606445,
            0.0,
            6.364620208740234,
            -7.025109767913818,
            1.0338597297668458,
            1.0
        ]
    },
    {
        "bone name": "add_l102",
        "bone matrix": [
            1.0,
            0.0,
            0.0,
            0.0,
            0.0,
            1.0,
            0.0,
            0.0,
            0.0,
            0.0,
            1.0,
            0.0,
            5.606842041015625,
            0.0,
            -4.76837158203125e-7,
            1.0
        ]
    },
    {
        "bone name": "add_r102",
        "bone matrix": [
            1.0,
            0.0,
            0.0,
            0.0,
            0.0,
            1.0,
            0.0,
            0.0,
            0.0,
            0.0,
            1.0,
            0.0,
            5.563514709472656,
            -0.0000019073486328125,
            -4.76837158203125e-7,
            1.0
        ]
    },
    {
        "bone name": "add_r402",
        "bone matrix": [
            1.0,
            0.0,
            0.0,
            0.0,
            0.0,
            1.0,
            0.0,
            0.0,
            0.0,
            0.0,
            1.0,
            0.0,
            7.003715515136719,
            0.00000286102294921875,
            9.5367431640625e-7,
            1.0
        ]
    },
    {
        "bone name": "add_l402",
        "bone matrix": [
            1.0,
            0.0,
            0.0,
            0.0,
            0.0,
            1.0,
            0.0,
            0.0,
            0.0,
            0.0,
            1.0,
            0.0,
            7.003726959228516,
            -0.000003814697265625,
            -0.000002384185791015625,
            1.0
        ]
    },
    {
        "bone name": "add_m102",
        "bone matrix": [
            1.0,
            0.0,
            0.0,
            0.0,
            0.0,
            1.0,
            0.0,
            0.0,
            0.0,
            0.0,
            1.0,
            0.0,
            6.686973571777344,
            0.0,
            -6.193540684762411e-7,
            1.0
        ]
    },
    {
        "bone name": "bip01 spine1",
        "bone matrix": [
            0.9899047613143921,
            -3.591916311052046e-7,
            -0.14173412322998048,
            0.0,
            3.5982287727165387e-7,
            1.0,
            -2.117511144206219e-8,
            0.0,
            0.14173412322998048,
            -3.0037838882890358e-8,
            0.9899047613143921,
            0.0,
            3.6634483337402345,
            -8.400093065574766e-9,
            -0.0030307769775390627,
            1.0
        ]
    },
    {
        "bone name": "bip01 l thigh",
        "bone matrix": [
            -0.9956939816474915,
            0.07814234495162964,
            0.049874838441610339,
            0.0,
            -0.07782264053821564,
            -0.9969325661659241,
            0.008323118090629578,
            0.0,
            0.050372231751680377,
            0.004405885934829712,
            0.9987207651138306,
            0.0,
            -4.508476257324219,
            3.5143113136291506,
            0.025594711303710939,
            1.0
        ]
    },
    {
        "bone name": "bip01 r thigh",
        "bone matrix": [
            -0.9956939220428467,
            -0.07814224064350128,
            0.04987526312470436,
            0.0,
            0.07782281935214997,
            -0.9969325661659241,
            -0.008317587897181511,
            0.0,
            0.05037222430109978,
            -0.004400337114930153,
            0.9987208247184753,
            0.0,
            -4.508476257324219,
            -3.514309883117676,
            0.025614500045776368,
            1.0
        ]
    },
    {
        "bone name": "b_spine",
        "bone matrix": [
            -0.9948872327804565,
            -3.046821461794025e-7,
            -0.10099084675312042,
            0.0,
            1.9316024690851919e-7,
            1.0,
            -0.000004919800630887039,
            0.0,
            0.10099084675312042,
            -0.000004914154487778433,
            -0.9948872327804565,
            0.0,
            2.113880157470703,
            8.249462553067133e-7,
            -6.167665004730225,
            1.0
        ]
    },
    {
        "bone name": "add_l103",
        "bone matrix": [
            1.0,
            0.0,
            0.0,
            0.0,
            0.0,
            1.0,
            0.0,
            0.0,
            0.0,
            0.0,
            1.0,
            0.0,
            9.510311126708985,
            0.00000286102294921875,
            9.5367431640625e-7,
            1.0
        ]
    },
    {
        "bone name": "add_r103",
        "bone matrix": [
            1.0,
            0.0,
            0.0,
            0.0,
            0.0,
            1.0,
            0.0,
            0.0,
            0.0,
            0.0,
            1.0,
            0.0,
            9.602249145507813,
            -4.76837158203125e-7,
            0.0,
            1.0
        ]
    },
    {
        "bone name": "add_r403",
        "bone matrix": [
            1.0,
            0.0,
            0.0,
            0.0,
            0.0,
            1.0,
            0.0,
            0.0,
            0.0,
            0.0,
            1.0,
            0.0,
            10.979063034057618,
            0.0,
            -0.000003814697265625,
            1.0
        ]
    },
    {
        "bone name": "add_l403",
        "bone matrix": [
            1.0,
            0.0,
            0.0,
            0.0,
            0.0,
            1.0,
            0.0,
            0.0,
            0.0,
            0.0,
            1.0,
            0.0,
            10.97905158996582,
            0.0,
            -4.76837158203125e-7,
            1.0
        ]
    },
    {
        "bone name": "add_m103",
        "bone matrix": [
            1.0,
            0.0,
            0.0,
            0.0,
            0.0,
            1.0,
            0.0,
            0.0,
            0.0,
            0.0,
            1.0,
            0.0,
            11.103866577148438,
            9.5367431640625e-7,
            -0.0000032154766813619064,
            1.0
        ]
    },
    {
        "bone name": "bip01 spine2",
        "bone matrix": [
            0.9849979281425476,
            -4.110923725875182e-7,
            -0.1725660264492035,
            0.0,
            4.1180672383234198e-7,
            1.0,
            -3.166084283634518e-8,
            0.0,
            0.1725660264492035,
            -3.987797825288908e-8,
            0.9849979281425476,
            0.0,
            3.844707489013672,
            -1.9739673007279636e-8,
            -0.007112741470336914,
            1.0
        ]
    },
    {
        "bone name": "bip01 l calf",
        "bone matrix": [
            1.0,
            0.0,
            0.0,
            0.0,
            0.0,
            1.0,
            0.0,
            0.0,
            0.0,
            0.0,
            1.0,
            0.0,
            16.936155319213868,
            0.0,
            0.0,
            1.0
        ]
    },
    {
        "bone name": "bone_l_thightwist",
        "bone matrix": [
            1.0,
            -4.65725860654409e-11,
            -3.815660676309562e-9,
            0.0,
            -4.65725860654409e-11,
            0.9997020959854126,
            -0.02440764755010605,
            0.0,
            3.815660676309562e-9,
            0.02440764755010605,
            0.9997020959854126,
            0.0,
            0.0,
            0.0,
            0.0,
            1.0
        ]
    },
    {
        "bone name": "bip01 r calf",
        "bone matrix": [
            1.0,
            0.0,
            0.0,
            0.0,
            0.0,
            1.0,
            0.0,
            0.0,
            0.0,
            0.0,
            1.0,
            0.0,
            16.936155319213868,
            0.0,
            -1.1920928955078126e-7,
            1.0
        ]
    },
    {
        "bone name": "bone_r_thightwist",
        "bone matrix": [
            1.0,
            0.0,
            0.0,
            0.0,
            0.0,
            1.0,
            0.0,
            0.0,
            0.0,
            0.0,
            1.0,
            0.0,
            -0.000003814697265625,
            9.5367431640625e-7,
            -4.76837158203125e-7,
            1.0
        ]
    },
    {
        "bone name": "bip01 neck",
        "bone matrix": [
            0.9762294888496399,
            5.285453426040476e-7,
            0.21673943102359773,
            0.0,
            -5.295262326399097e-7,
            1.0,
            -5.3548916412182737e-8,
            0.0,
            -0.21673943102359773,
            -6.249318573736673e-8,
            0.9762294888496399,
            0.0,
            9.069660186767579,
            -4.341927706263959e-9,
            -0.00156402587890625,
            1.0
        ]
    },
    {
        "bone name": "b_lc",
        "bone matrix": [
            -0.8835470080375671,
            -0.43580007553100588,
            -0.17153184115886689,
            0.0,
            0.15979576110839845,
            0.06376087665557862,
            -0.9850888252258301,
            0.0,
            0.4402387738227844,
            -0.8977822065353394,
            0.013303220272064209,
            0.0,
            17.48754119873047,
            7.201273441314697,
            -5.288946628570557,
            1.0
        ]
    },
    {
        "bone name": "b_rc",
        "bone matrix": [
            -0.8958089351654053,
            0.4242434799671173,
            -0.13245204091072083,
            0.0,
            -0.12306991219520569,
            0.0495796799659729,
            0.9911587238311768,
            0.0,
            0.4270595610141754,
            0.9041898250579834,
            0.0077977776527404789,
            0.0,
            17.25305938720703,
            -7.418761730194092,
            -4.886620044708252,
            1.0
        ]
    },
    {
        "bone name": "b_spine2",
        "bone matrix": [
            0.9824228286743164,
            -0.025777442380785943,
            0.18488085269927979,
            0.0,
            0.040589913725852969,
            0.9962210059165955,
            -0.07678692042827606,
            0.0,
            -0.18220281600952149,
            0.08294151723384857,
            0.9797565340995789,
            0.0,
            6.324573516845703,
            0.00870466884225607,
            -8.578062057495118,
            1.0
        ]
    },
    {
        "bone name": "b_long",
        "bone matrix": [
            0.8985675573348999,
            0.3988869786262512,
            0.182935893535614,
            0.0,
            0.19635021686553956,
            0.007359993644058704,
            -0.9805063605308533,
            0.0,
            -0.39245760440826418,
            0.9169706702232361,
            -0.07170810550451279,
            0.0,
            -5.175174713134766,
            -2.402676582336426,
            -8.537853240966797,
            1.0
        ]
    },
    {
        "bone name": "bip01 l foot",
        "bone matrix": [
            0.9954366683959961,
            0.07826577126979828,
            0.054592061787843707,
            0.0,
            -0.08148874342441559,
            0.9948939085006714,
            0.05954613909125328,
            0.0,
            -0.049652885645627978,
            -0.06372305005788803,
            0.9967316389083862,
            0.0,
            18.23223304748535,
            0.0,
            1.1920928955078126e-7,
            1.0
        ]
    },
    {
        "bone name": "add_l301",
        "bone matrix": [
            0.9700627326965332,
            0.02497435174882412,
            -0.2415667474269867,
            0.0,
            0.026306072250008584,
            -0.9996514916419983,
            0.002288803458213806,
            0.0,
            -0.24142536520957948,
            -0.0085749551653862,
            -0.9703816771507263,
            0.0,
            3.619945526123047,
            -0.14493989944458009,
            -4.978788375854492,
            1.0
        ]
    },
    {
        "bone name": "add_l201",
        "bone matrix": [
            0.9877074956893921,
            0.006543442606925964,
            0.15617646276950837,
            0.0,
            0.014052769169211388,
            -0.998794674873352,
            -0.04702673852443695,
            0.0,
            0.15568052232265473,
            0.04864337295293808,
            -0.9866089820861816,
            0.0,
            2.624523162841797,
            -0.20720291137695313,
            4.278632640838623,
            1.0
        ]
    },
    {
        "bone name": "bip01 r foot",
        "bone matrix": [
            0.9954366683959961,
            -0.07826578617095947,
            0.0545920692384243,
            0.0,
            0.08148875832557678,
            0.9948939085006714,
            -0.05954613536596298,
            0.0,
            -0.04965289309620857,
            0.06372305005788803,
            0.9967316389083862,
            0.0,
            18.23223304748535,
            4.76837158203125e-7,
            0.0,
            1.0
        ]
    },
    {
        "bone name": "add_r201",
        "bone matrix": [
            0.9874219298362732,
            -0.022847970947623254,
            0.15644770860671998,
            0.0,
            -0.022896582260727884,
            -0.9997368454933167,
            -0.001491675153374672,
            0.0,
            0.1564406156539917,
            -0.0021092048846185209,
            -0.9876852035522461,
            0.0,
            2.7096824645996095,
            0.21114349365234376,
            4.249210357666016,
            1.0
        ]
    },
    {
        "bone name": "add_r301",
        "bone matrix": [
            0.9621476531028748,
            -0.12428668886423111,
            -0.24253806471824647,
            0.0,
            -0.1247849389910698,
            -0.9920938611030579,
            0.013369095511734486,
            0.0,
            -0.24228209257125855,
            0.017402052879333497,
            -0.9700498580932617,
            0.0,
            3.6672821044921877,
            0.17697620391845704,
            -5.000042915344238,
            1.0
        ]
    },
    {
        "bone name": "bip01 neck1",
        "bone matrix": [
            0.967956006526947,
            6.703060648760584e-7,
            0.25111985206604006,
            0.0,
            -6.716107350257516e-7,
            1.0,
            -8.050524513691926e-8,
            0.0,
            -0.25111985206604006,
            -9.072924456177134e-8,
            0.967956006526947,
            0.0,
            2.0119285583496095,
            -4.297589839552529e-9,
            -0.0015506148338317872,
            1.0
        ]
    },
    {
        "bone name": "bip01 l clavicle",
        "bone matrix": [
            -0.3489442467689514,
            0.9364909529685974,
            -0.03496427834033966,
            0.0,
            0.9119037985801697,
            0.33070939779281618,
            -0.2430284023284912,
            0.0,
            -0.21603091061115266,
            -0.11668743938207627,
            -0.9693887233734131,
            0.0,
            0.000003814697265625,
            2.1762869358062746,
            0.0015957355499267579,
            1.0
        ]
    },
    {
        "bone name": "bip01 r clavicle",
        "bone matrix": [
            -0.34894421696662905,
            -0.9364911317825317,
            -0.03495907783508301,
            0.0,
            -0.9119037389755249,
            0.3307107388973236,
            0.24302656948566438,
            0.0,
            -0.21603089570999146,
            0.11668206751346588,
            -0.9693893194198608,
            0.0,
            0.000003814697265625,
            -2.1762869358062746,
            0.0016077756881713868,
            1.0
        ]
    },
    {
        "bone name": "bip01 l toe0",
        "bone matrix": [
            -1.1920928955078126e-7,
            7.82310962677002e-8,
            0.9999999403953552,
            0.0,
            6.780705064102222e-8,
            1.0,
            -7.823108916227284e-8,
            0.0,
            -0.9999999403953552,
            6.780704353559486e-8,
            -1.1920928955078126e-7,
            0.0,
            3.99670672416687,
            -4.76837158203125e-7,
            5.038512706756592,
            1.0
        ]
    },
    {
        "bone name": "add_l302",
        "bone matrix": [
            0.9982454776763916,
            -0.05169198662042618,
            -0.028878608718514444,
            0.0,
            0.051431603729724887,
            0.9986295104026794,
            -0.009688060730695725,
            0.0,
            0.029339825734496118,
            0.008185788989067078,
            0.9995359778404236,
            0.0,
            5.524295806884766,
            0.0005292892456054688,
            -0.00004482269287109375,
            1.0
        ]
    },
    {
        "bone name": "add_l202",
        "bone matrix": [
            0.9996626377105713,
            -0.008095445111393929,
            0.02467842772603035,
            0.0,
            0.008037390187382698,
            0.999964714050293,
            0.002450724132359028,
            0.0,
            -0.024697396904230119,
            -0.002251547295600176,
            0.999692440032959,
            0.0,
            8.332664489746094,
            -0.000011444091796875,
            -0.0000286102294921875,
            1.0
        ]
    },
    {
        "bone name": "bip01 r toe0",
        "bone matrix": [
            -1.1920928955078126e-7,
            -5.960464477539063e-8,
            0.9999999403953552,
            0.0,
            2.1511413095254285e-8,
            1.0,
            5.960464477539063e-8,
            0.0,
            -0.9999999403953552,
            2.1511418424324803e-8,
            -1.1920928955078126e-7,
            0.0,
            3.99670672416687,
            4.76837158203125e-7,
            5.038512706756592,
            1.0
        ]
    },
    {
        "bone name": "add_r202",
        "bone matrix": [
            0.999897301197052,
            -1.5581551604526567e-9,
            0.014333072118461132,
            0.0,
            -5.279915171740868e-9,
            1.0,
            4.770454893332499e-7,
            0.0,
            -0.014333072118461132,
            -4.770722057401144e-7,
            0.999897301197052,
            0.0,
            8.273855209350586,
            9.5367431640625e-7,
            0.0000896453857421875,
            1.0
        ]
    },
    {
        "bone name": "add_r302",
        "bone matrix": [
            0.9982613325119019,
            -0.050727274268865588,
            -0.03001827746629715,
            0.0,
            0.050643909722566608,
            0.998710572719574,
            -0.0035313148982822897,
            0.0,
            0.03015870228409767,
            0.0020049321465194227,
            0.9995431303977966,
            0.0,
            5.471548080444336,
            0.0,
            -0.00010204315185546875,
            1.0
        ]
    },
    {
        "bone name": "bip01 head",
        "bone matrix": [
            0.9956095218658447,
            -1.232242254900484e-7,
            -0.09360368549823761,
            0.0,
            1.227850532359298e-7,
            1.0,
            -1.0450954768259635e-8,
            0.0,
            0.09360368549823761,
            -1.0880629730536385e-9,
            0.9956095218658447,
            0.0,
            2.011524200439453,
            0.0,
            0.0,
            1.0
        ]
    },
    {
        "bone name": "bip01 l upperarm",
        "bone matrix": [
            0.7149573564529419,
            -0.6692397594451904,
            0.20237106084823609,
            0.0,
            0.6991053819656372,
            0.6804163455963135,
            -0.21973930299282075,
            0.0,
            0.009361706674098969,
            0.29858294129371645,
            0.9543377757072449,
            0.0,
            5.695535659790039,
            0.0,
            0.0,
            1.0
        ]
    },
    {
        "bone name": "bone_shd_l",
        "bone matrix": [
            0.9633775949478149,
            -0.2666126787662506,
            0.02865748107433319,
            0.0,
            -0.03694809228181839,
            -0.23783574998378755,
            -0.9706025123596191,
            0.0,
            0.2655906677246094,
            0.9339978694915772,
            -0.23897647857666017,
            0.0,
            1.1308765411376954,
            3.1443405151367189,
            -0.5737361907958984,
            1.0
        ]
    },
    {
        "bone name": "bip01 r upperarm",
        "bone matrix": [
            0.7149574160575867,
            0.6692396998405457,
            0.2023710459470749,
            0.0,
            -0.6991053223609924,
            0.6804163455963135,
            0.2197394073009491,
            0.0,
            0.00936177372932434,
            -0.2985830008983612,
            0.9543377757072449,
            0.0,
            5.695535659790039,
            0.0,
            0.0,
            1.0
        ]
    },
    {
        "bone name": "bone_shd_r",
        "bone matrix": [
            0.9633768200874329,
            0.2666151523590088,
            0.028660543262958528,
            0.0,
            -0.03694526106119156,
            0.23783423006534577,
            -0.970602810382843,
            0.0,
            -0.26559388637542727,
            0.9339974522590637,
            0.23897415399551392,
            0.0,
            1.1308460235595704,
            -3.1443405151367189,
            -0.5737228393554688,
            1.0
        ]
    },
    {
        "bone name": "add_l303",
        "bone matrix": [
            0.9975292682647705,
            0.070192351937294,
            -0.002892998978495598,
            0.0,
            -0.07022228837013245,
            0.997458815574646,
            -0.0120314359664917,
            0.0,
            0.002041132654994726,
            0.012204863131046296,
            0.9999234676361084,
            0.0,
            8.373498916625977,
            0.002548694610595703,
            0.0003604888916015625,
            1.0
        ]
    },
    {
        "bone name": "add_l203",
        "bone matrix": [
            0.9994576573371887,
            0.02422001026570797,
            0.022310130298137666,
            0.0,
            -0.024371879175305368,
            0.9996814131736755,
            0.006560640409588814,
            0.0,
            -0.022144123911857606,
            -0.007100822404026985,
            0.9997295141220093,
            0.0,
            5.527587890625,
            0.0,
            -9.5367431640625e-7,
            1.0
        ]
    },
    {
        "bone name": "add_r203",
        "bone matrix": [
            0.9995644092559815,
            -1.8670827106603839e-9,
            0.029512621462345125,
            0.0,
            1.867703547375754e-9,
            1.0,
            6.5229540519018414e-12,
            0.0,
            -0.029512621462345125,
            4.8600720670144429e-11,
            0.9995644092559815,
            0.0,
            5.665599822998047,
            0.0,
            9.5367431640625e-7,
            1.0
        ]
    },
    {
        "bone name": "add_r303",
        "bone matrix": [
            0.9986956119537354,
            -0.05101395398378372,
            -0.002137082628905773,
            0.0,
            0.05101790279150009,
            0.9986960291862488,
            0.0018353434279561043,
            0.0,
            0.002040667925029993,
            -0.001941978931427002,
            0.9999960064888,
            0.0,
            8.452102661132813,
            0.0,
            9.5367431640625e-7,
            1.0
        ]
    },
    {
        "bone name": "b_hat",
        "bone matrix": [
            0.9992679953575134,
            -0.02864675037562847,
            0.02535351552069187,
            0.0,
            0.027364319190382959,
            0.9983962178230286,
            0.04955987259745598,
            0.0,
            -0.026732584461569787,
            -0.0488298125565052,
            0.9984493255615234,
            0.0,
            6.405059814453125,
            0.0037569738924503328,
            1.3332433700561524,
            1.0
        ]
    },
    {
        "bone name": "bip01 l forearm",
        "bone matrix": [
            0.9931575655937195,
            8.941377416249452e-8,
            -0.11678209900856018,
            0.0,
            -8.965849929154501e-8,
            1.0,
            3.157617056714912e-9,
            0.0,
            0.11678209900856018,
            7.3344965656474418e-9,
            0.9931575655937195,
            0.0,
            9.556877136230469,
            0.0,
            -4.76837158203125e-7,
            1.0
        ]
    },
    {
        "bone name": "bip01 l foretwist",
        "bone matrix": [
            0.9931575655937195,
            7.82310962677002e-8,
            -0.11678210645914078,
            0.0,
            0.015591013245284558,
            0.9910480380058289,
            0.1325923204421997,
            0.0,
            0.11573668569326401,
            -0.13350582122802735,
            0.9842668771743774,
            0.0,
            9.556877136230469,
            0.0,
            -4.76837158203125e-7,
            1.0
        ]
    },
    {
        "bone name": "bone_l_armtwist",
        "bone matrix": [
            1.0,
            0.0,
            0.0,
            0.0,
            0.0,
            1.0,
            0.0,
            0.0,
            0.0,
            0.0,
            1.0,
            0.0,
            -0.9535064697265625,
            0.0,
            -4.76837158203125e-7,
            1.0
        ]
    },
    {
        "bone name": "bip01 r forearm",
        "bone matrix": [
            0.9931575655937195,
            -2.9700361281470579e-8,
            -0.11678209155797959,
            0.0,
            2.9809122281676539e-8,
            1.0,
            -8.15238820894848e-10,
            0.0,
            0.11678209155797959,
            -2.6715112344533056e-9,
            0.9931575655937195,
            0.0,
            9.556877136230469,
            0.0,
            0.0,
            1.0
        ]
    },
    {
        "bone name": "bip01 r foretwist",
        "bone matrix": [
            0.9931575655937195,
            -2.421438694000244e-8,
            -0.11678210645914078,
            0.0,
            -0.01559108030050993,
            0.9910479784011841,
            -0.13259243965148927,
            0.0,
            0.11573667079210282,
            0.1335059404373169,
            0.9842668175697327,
            0.0,
            9.556877136230469,
            0.0,
            0.0,
            1.0
        ]
    },
    {
        "bone name": "bone_r_armtwist",
        "bone matrix": [
            1.0,
            0.0,
            0.0,
            0.0,
            0.0,
            1.0,
            0.0,
            0.0,
            0.0,
            0.0,
            1.0,
            0.0,
            -0.9534912109375,
            -0.000003814697265625,
            0.0,
            1.0
        ]
    },
    {
        "bone name": "bip01 l hand",
        "bone matrix": [
            0.9866195917129517,
            -0.13631299138069154,
            0.08944550156593323,
            0.0,
            -0.10766292363405228,
            -0.13272981345653535,
            0.9852873682975769,
            0.0,
            -0.12243539094924927,
            -0.9817338585853577,
            -0.14562968909740449,
            0.0,
            4.207723617553711,
            0.0,
            0.0,
            1.0
        ]
    },
    {
        "bone name": "bip01 l foretwist1",
        "bone matrix": [
            1.0,
            0.0,
            -3.725290298461914e-9,
            0.0,
            4.973481626535659e-10,
            0.9910480380058289,
            0.1335058957338333,
            0.0,
            3.6919414192482238e-9,
            -0.1335058957338333,
            0.9910480380058289,
            0.0,
            4.207725524902344,
            0.0000019073486328125,
            0.0,
            1.0
        ]
    },
    {
        "bone name": "bip01 r hand",
        "bone matrix": [
            0.9866195917129517,
            0.13631315529346467,
            0.0894455760717392,
            0.0,
            0.10766302049160004,
            -0.1327299326658249,
            -0.985287606716156,
            0.0,
            -0.1224355399608612,
            0.9817339777946472,
            -0.14562983810901643,
            0.0,
            4.207729339599609,
            0.0,
            9.5367431640625e-7,
            1.0
        ]
    },
    {
        "bone name": "bip01 r foretwist1",
        "bone matrix": [
            1.0,
            1.4901160305669237e-8,
            1.1102230246251566e-16,
            0.0,
            -1.4767764788814475e-8,
            0.9910480380058289,
            -0.1335059553384781,
            0.0,
            -1.989393538792683e-9,
            0.1335059553384781,
            0.9910480380058289,
            0.0,
            4.2077178955078129,
            0.0,
            0.0,
            1.0
        ]
    },
    {
        "bone name": "bip01 l finger0",
        "bone matrix": [
            0.7995651960372925,
            -0.5462489128112793,
            0.24961502850055695,
            0.0,
            0.25760531425476076,
            -0.06351800262928009,
            -0.9641602039337158,
            0.0,
            0.5425265431404114,
            0.8352110385894775,
            0.08992985635995865,
            0.0,
            0.8499069213867188,
            -1.20562744140625,
            1.2673454284667969,
            1.0
        ]
    },
    {
        "bone name": "bip01 l finger1",
        "bone matrix": [
            0.9854686260223389,
            -0.09081260859966278,
            0.14354342222213746,
            0.0,
            0.0807470977306366,
            0.9939489364624023,
            0.07446779310703278,
            0.0,
            -0.14943745732307435,
            -0.0617949552834034,
            0.9868383407592773,
            0.0,
            3.5671157836914064,
            -1.1892719268798829,
            0.19778823852539063,
            1.0
        ]
    },
    {
        "bone name": "bip01 l finger2",
        "bone matrix": [
            0.9773023128509522,
            -0.09762904793024063,
            0.1880125105381012,
            0.0,
            0.08490508049726486,
            0.9935925006866455,
            0.07459910213947296,
            0.0,
            -0.19409087300300599,
            -0.0569426603615284,
            0.9793294668197632,
            0.0,
            3.571216583251953,
            -0.24117374420166017,
            0.0620574951171875,
            1.0
        ]
    },
    {
        "bone name": "bip01 l finger3",
        "bone matrix": [
            0.9845952391624451,
            -0.025281716138124467,
            0.17301183938980103,
            0.0,
            -0.015475623309612275,
            0.9730076789855957,
            0.2302532196044922,
            0.0,
            -0.17416304349899293,
            -0.2293836772441864,
            0.9576274752616882,
            0.0,
            3.564300537109375,
            0.6087760925292969,
            0.20357513427734376,
            1.0
        ]
    },
    {
        "bone name": "bip01 l finger4",
        "bone matrix": [
            0.9856630563735962,
            -0.026509083807468416,
            0.16663004457950593,
            0.0,
            -0.021282188594341279,
            0.960159420967102,
            0.2786412835121155,
            0.0,
            -0.16737793385982514,
            -0.2781926989555359,
            0.9458295106887817,
            0.0,
            3.273212432861328,
            1.4729509353637696,
            0.44083404541015627,
            1.0
        ]
    },
    {
        "bone name": "b_lh",
        "bone matrix": [
            -0.0034704208374023439,
            -0.9935088157653809,
            -0.11370205879211426,
            0.0,
            -0.006668567657470703,
            0.11372321844100952,
            -0.9934900999069214,
            0.0,
            0.9999717473983765,
            -0.0026896297931671144,
            -0.007019937038421631,
            0.0,
            2.960674285888672,
            -0.000003814697265625,
            0.9842529296875,
            1.0
        ]
    },
    {
        "bone name": "bip01 r finger0",
        "bone matrix": [
            0.7995651960372925,
            0.5462489128112793,
            0.2496148943901062,
            0.0,
            -0.25760507583618166,
            -0.06351810693740845,
            0.9641602039337158,
            0.0,
            0.5425266027450562,
            -0.8352110385894775,
            0.08992964029312134,
            0.0,
