[
    {
        "bone name": "bip01",
        "bone matrix": [
            0.000003482103238638956,
            0.0,
            -2.5399999618530275,
            0.0,
            0.0,
            2.5399999618530275,
            0.0,
            0.0,
            2.5399999618530275,
            0.0,
            0.000003482103238638956,
            0.0,
            -6.019457714501186e-7,
            93.31930541992188,
            1.1068201065063477,
            1.0
        ]
    },
    {
        "bone name": "bip01 pelvis",
        "bone matrix": [
            0.0,
            1.0,
            -0.0000014007091522216797,
            0.0,
            -0.0000014007091522216797,
            0.0000013709068298339844,
            1.0,
            0.0,
            1.0,
            0.0,
            0.0000013709068298339844,
            0.0,
            0.17285045981407166,
            0.0,
            0.0,
            1.0
        ]
    },
    {
        "bone name": "add_r401",
        "bone matrix": [
            -0.19354726374149323,
            -0.9797425866127014,
            -0.051418691873550418,
            0.0,
            -0.9810542464256287,
            0.1937275379896164,
            0.001502983272075653,
            0.0,
            0.008488679304718972,
            0.05073542520403862,
            -0.9986760020256043,
            0.0,
            -2.5393216609954836,
            4.068519592285156,
            -2.765420913696289,
            1.0
        ]
    },
    {
        "bone name": "add_l401",
        "bone matrix": [
            -0.19354800879955293,
            -0.9797441959381104,
            0.05138607323169708,
            0.0,
            -0.981063961982727,
            0.19366450607776643,
            -0.002749275416135788,
            0.0,
            -0.007258070632815361,
            -0.05094514414668083,
            -0.9986751079559326,
            0.0,
            -2.5392987728118898,
            4.068595886230469,
            2.767033576965332,
            1.0
        ]
    },
    {
        "bone name": "add_m101",
        "bone matrix": [
            -0.2371455430984497,
            -0.9714741706848145,
            3.7504713645830636e-7,
            0.0,
            -0.9714741706848145,
            0.23714542388916017,
            0.0000021880759959458375,
            0.0,
            -0.0000022145998173073169,
            1.5454372714884813e-7,
            -1.0000001192092896,
            0.0,
            -2.326456069946289,
            4.028144836425781,
            0.000004999999873689376,
            1.0
        ]
    },
    {
        "bone name": "add_l101",
        "bone matrix": [
            0.1376257836818695,
            -0.9883592128753662,
            0.06484735012054444,
            0.0,
            -0.9904823303222656,
            -0.13719961047172547,
            0.01100260391831398,
            0.0,
            -0.0019774995744228365,
            -0.06574440002441406,
            -0.9978346228599548,
            0.0,
            2.9138307571411135,
            5.058677673339844,
            2.8117668628692629,
            1.0
        ]
    },
    {
        "bone name": "add_r101",
        "bone matrix": [
            0.13808733224868775,
            -0.9881753325462341,
            -0.06664438545703888,
            0.0,
            -0.9903952479362488,
            -0.13824719190597535,
            -0.0022303536534309389,
            0.0,
            -0.007009420543909073,
            0.0663122683763504,
            -0.9977743625640869,
            0.0,
            2.9160406589508058,
            5.057586669921875,
            -2.8092198371887209,
            1.0
        ]
    },
    {
        "bone name": "bip01 spine",
        "bone matrix": [
            0.9721774458885193,
            0.000001023363779495412,
            0.2342456728219986,
            0.0,
            -0.000002036503701674519,
            1.0,
            0.000004083231488039019,
            0.0,
            -0.2342456728219986,
            -0.000004446667389856884,
            0.9721774458885193,
            0.0,
            3.2117958068847658,
            0.000003203858796041459,
            0.27886343002319338,
            1.0
        ]
    },
    {
        "bone name": "b_lp",
        "bone matrix": [
            -0.9813474416732788,
            0.17364875972270966,
            0.08248258382081986,
            0.0,
            -0.17304004728794099,
            -0.9848076701164246,
            0.01452684961259365,
            0.0,
            0.08375204354524613,
            -0.000016904901713132858,
            0.9964866042137146,
            0.0,
            5.182399749755859,
            5.852200984954834,
            1.2095940113067628,
            1.0
        ]
    },
    {
        "bone name": "b_rp",
        "bone matrix": [
            -0.9813481569290161,
            -0.17364566028118134,
            0.08248262107372284,
            0.0,
            0.17303408682346345,
            -0.9848083853721619,
            -0.014560798183083535,
            0.0,
            0.08375798165798187,
            -0.000016903970390558243,
            0.9964861273765564,
            0.0,
            5.182407379150391,
            -5.852309226989746,
            1.2095658779144288,
            1.0
        ]
    },
    {
        "bone name": "add_r402",
        "bone matrix": [
            1.0,
            0.0,
            0.0,
            0.0,
            0.0,
            1.0,
            0.0,
            0.0,
            0.0,
            0.0,
            1.0,
            0.0,
            6.368255615234375,
            0.0,
            -0.0000019073486328125,
            1.0
        ]
    },
    {
        "bone name": "add_l402",
        "bone matrix": [
            1.0,
            0.0,
            0.0,
            0.0,
            0.0,
            1.0,
            0.0,
            0.0,
            0.0,
            0.0,
            1.0,
            0.0,
            6.368259429931641,
            0.0,
            0.0,
            1.0
        ]
    },
    {
        "bone name": "add_m102",
        "bone matrix": [
            1.0,
            0.0,
            0.0,
            0.0,
            0.0,
            1.0,
            0.0,
            0.0,
            0.0,
            0.0,
            1.0,
            0.0,
            6.786064147949219,
            0.0,
            0.0,
            1.0
        ]
    },
    {
        "bone name": "add_l102",
        "bone matrix": [
            1.0,
            0.0,
            0.0,
            0.0,
            0.0,
            1.0,
            0.0,
            0.0,
            0.0,
            0.0,
            1.0,
            0.0,
            7.186046600341797,
            -9.5367431640625e-7,
            0.0,
            1.0
        ]
    },
    {
        "bone name": "add_r102",
        "bone matrix": [
            1.0,
            0.0,
            0.0,
            0.0,
            0.0,
            1.0,
            0.0,
            0.0,
            0.0,
            0.0,
            1.0,
            0.0,
            7.142719268798828,
            -0.000003814697265625,
            0.0,
            1.0
        ]
    },
    {
        "bone name": "bip01 spine1",
        "bone matrix": [
            0.9827249646186829,
            -5.133157969794411e-7,
            -0.18507197499275208,
            0.0,
            5.133157969794411e-7,
            1.0,
            0.0,
            0.0,
            0.18507197499275208,
            0.0,
            0.9827249646186829,
            0.0,
            3.0224227905273439,
            0.0,
            -0.0023403167724609377,
            1.0
        ]
    },
    {
        "bone name": "bip01 l thigh",
        "bone matrix": [
            -0.9753643870353699,
            0.049094103276729587,
            0.2150675654411316,
            0.0,
            -0.047672539949417117,
            -0.998793363571167,
            0.011795222759246827,
            0.0,
            0.21538713574409486,
            0.0012518242001533509,
            0.976527988910675,
            0.0,
            -3.1877593994140627,
            3.0347213745117189,
            0.48123645782470705,
            1.0
        ]
    },
    {
        "bone name": "bip01 r thigh",
        "bone matrix": [
            -0.9753643870353699,
            -0.049093082547187808,
            0.21506783366203309,
            0.0,
            0.04767270386219025,
            -0.9987934231758118,
            -0.011789722368121148,
            0.0,
            0.21538713574409486,
            -0.001246410422027111,
            0.9765279293060303,
            0.0,
            -3.1877593994140627,
            -3.0347166061401369,
            0.48125362396240237,
            1.0
        ]
    },
    {
        "bone name": "b_spine",
        "bone matrix": [
            -0.9123570919036865,
            -0.0000012796642749890453,
            -0.4093952775001526,
            0.0,
            0.0000010156002190342406,
            1.0,
            -0.000005389056696003536,
            0.0,
            0.4093952775001526,
            -0.000005332526143320138,
            -0.9123570919036865,
            0.0,
            2.0664329528808595,
            0.000006000003850203939,
            -5.058908462524414,
            1.0
        ]
    },
    {
        "bone name": "add_r403",
        "bone matrix": [
            1.0,
            0.0,
            0.0,
            0.0,
            0.0,
            1.0,
            0.0,
            0.0,
            0.0,
            0.0,
            1.0,
            0.0,
            8.683242797851563,
            9.5367431640625e-7,
            -0.0000019073486328125,
            1.0
        ]
    },
    {
        "bone name": "add_l403",
        "bone matrix": [
            1.0,
            0.0,
            0.0,
            0.0,
            0.0,
            1.0,
            0.0,
            0.0,
            0.0,
            0.0,
            1.0,
            0.0,
            8.683246612548829,
            0.0,
            -0.0000019073486328125,
            1.0
        ]
    },
    {
        "bone name": "add_m103",
        "bone matrix": [
            1.0,
            0.0,
            0.0,
            0.0,
            0.0,
            1.0,
            0.0,
            0.0,
            0.0,
            0.0,
            1.0,
            0.0,
            8.40780258178711,
            0.000003814697265625,
            0.0,
            1.0
        ]
    },
    {
        "bone name": "add_l103",
        "bone matrix": [
            1.0,
            0.0,
            0.0,
            0.0,
            0.0,
            1.0,
            0.0,
            0.0,
            0.0,
            0.0,
            1.0,
            0.0,
            8.108320236206055,
            0.00000286102294921875,
            0.0,
            1.0
        ]
    },
    {
        "bone name": "add_r103",
        "bone matrix": [
            1.0,
            0.0,
            0.0,
            0.0,
            0.0,
            1.0,
            0.0,
            0.0,
            0.0,
            0.0,
            1.0,
            0.0,
            8.200239181518555,
            9.5367431640625e-7,
            0.0,
            1.0
        ]
    },
    {
        "bone name": "bip01 spine2",
        "bone matrix": [
            0.9382430911064148,
            -9.596013796908665e-7,
            -0.3459767997264862,
            0.0,
            9.596013796908665e-7,
            1.0,
            -1.712889883265234e-7,
            0.0,
            0.3459767997264862,
            -1.7128907359165169e-7,
            0.9382430911064148,
            0.0,
            2.98883056640625,
            0.0,
            -0.005202174186706543,
            1.0
        ]
    },
    {
        "bone name": "bip01 l calf",
        "bone matrix": [
            0.9977350234985352,
            0.0,
            -0.06726688146591187,
            0.0,
            0.0,
            1.0,
            0.0,
            0.0,
            0.06726688146591187,
            0.0,
            0.9977350234985352,
            0.0,
            16.52155876159668,
            0.0,
            0.0,
            1.0
        ]
    },
    {
        "bone name": "bone_l_thightwist",
        "bone matrix": [
            1.0,
            0.0,
            0.0,
            0.0,
            0.0,
            1.0,
            0.0,
            0.0,
            0.0,
            0.0,
            1.0,
            0.0,
            -0.000003814697265625,
            4.76837158203125e-7,
            0.0,
            1.0
        ]
    },
    {
        "bone name": "bip01 r calf",
        "bone matrix": [
            0.9977350234985352,
            0.0,
            -0.06726688146591187,
            0.0,
            0.0,
            1.0,
            0.0,
            0.0,
            0.06726688146591187,
            0.0,
            0.9977350234985352,
            0.0,
            16.52155876159668,
            0.0,
            0.0,
            1.0
        ]
    },
    {
        "bone name": "bone_r_thightwist",
        "bone matrix": [
            1.0,
            0.0,
            0.0,
            0.0,
            0.0,
            1.0,
            0.0,
            0.0,
            0.0,
            0.0,
            1.0,
            0.0,
            -0.000003814697265625,
            4.76837158203125e-7,
            -2.384185791015625e-7,
            1.0
        ]
    },
    {
        "bone name": "bip01 neck",
        "bone matrix": [
            0.9927324652671814,
            3.3378128705408019e-7,
            0.12034227699041367,
            0.0,
            -3.3378128705408019e-7,
            1.0,
            0.0,
            0.0,
            -0.12034227699041367,
            0.0,
            0.9927324652671814,
            0.0,
            6.964557647705078,
            0.0,
            -0.001407623291015625,
            1.0
        ]
    },
    {
        "bone name": "b_lc",
        "bone matrix": [
            -0.8771495819091797,
            -0.3213989734649658,
            -0.3568073511123657,
            0.0,
            0.3337355852127075,
            0.12627053260803224,
            -0.9341714978218079,
            0.0,
            0.3452960252761841,
            -0.9384873509407044,
            -0.003495931625366211,
            0.0,
            12.574756622314454,
            5.185945510864258,
            -2.2684545516967775,
            1.0
        ]
    },
    {
        "bone name": "b_rc",
        "bone matrix": [
            -0.8988646864891052,
            0.33197396993637087,
            -0.2860689163208008,
            0.0,
            -0.2673119306564331,
            0.10192155838012696,
            0.9582047462463379,
            0.0,
            0.3472555875778198,
            0.9377660751342773,
            -0.0028730034828186037,
            0.0,
            12.807552337646485,
            -5.275517463684082,
            -2.667947769165039,
            1.0
        ]
    },
    {
        "bone name": "b_spine2",
        "bone matrix": [
            0.9641115665435791,
            -0.000002000000222324161,
            0.26549744606018069,
            0.0,
            6.622330488426087e-7,
            1.0,
            0.000005128236807649955,
            0.0,
            -0.26549744606018069,
            -0.00000476837158203125,
            0.9641115665435791,
            0.0,
            6.006900787353516,
            0.000012000000424450263,
            -7.499044418334961,
            1.0
        ]
    },
    {
        "bone name": "b_long",
        "bone matrix": [
            0.9157006144523621,
            0.32626426219940188,
            0.2346147894859314,
            0.0,
            0.21242189407348634,
            0.10261032730340958,
            -0.9717757701873779,
            0.0,
            -0.3411296010017395,
            0.9396929740905762,
            0.024654671549797059,
            0.0,
            -4.586322784423828,
            -3.150869131088257,
            -7.610166072845459,
            1.0
        ]
    },
    {
        "bone name": "bone_chest_l",
        "bone matrix": [
            -0.008395850658416748,
            0.2576857805252075,
            0.9661923050880432,
            0.0,
            0.022813133895397188,
            -0.9659255743026733,
            0.25781285762786868,
            0.0,
            0.9997045397758484,
            0.024206414818763734,
            0.002231072634458542,
            0.0,
            2.724315643310547,
            1.9425240755081177,
            2.0524415969848635,
            1.0
        ]
    },
    {
        "bone name": "bone_chest_r",
        "bone matrix": [
            -0.008396267890930176,
            -0.2576836347579956,
            0.9661928415298462,
            0.0,
            -0.02281247079372406,
            -0.9659261107444763,
            -0.25781071186065676,
            0.0,
            0.9997044801712036,
            -0.024205893278121949,
            0.0022317711263895036,
            0.0,
            2.7243118286132814,
            -1.9424210786819459,
            2.052443504333496,
            1.0
        ]
    },
    {
        "bone name": "bip01 l foot",
        "bone matrix": [
            0.9950423240661621,
            0.04910848289728165,
            0.08648224174976349,
            0.0,
            -0.05755149573087692,
            0.993520200252533,
            0.09800739586353302,
            0.0,
            -0.08110885322093964,
            -0.10249868035316467,
            0.9914209246635437,
            0.0,
            16.42362403869629,
            0.0,
            0.0,
            1.0
        ]
    },
    {
        "bone name": "add_l201",
        "bone matrix": [
            0.9911067485809326,
            -0.0035588766913861038,
            0.1330212950706482,
            0.0,
            0.0027852037455886604,
            0.9999781250953674,
            0.006001779343932867,
            0.0,
            -0.13303974270820619,
            -0.005577913019806147,
            0.9910950064659119,
            0.0,
            2.057292938232422,
            0.06917572021484375,
            4.058140277862549,
            1.0
        ]
    },
    {
        "bone name": "add_l301",
        "bone matrix": [
            0.9814905524253845,
            -0.004452842753380537,
            -0.19145870208740235,
            0.0,
            0.002303848974406719,
            0.999931812286377,
            -0.011445460841059685,
            0.0,
            0.1914966106414795,
            0.010792519897222519,
            0.9814339280128479,
            0.0,
            2.330516815185547,
            -0.08407974243164063,
            -3.819336414337158,
            1.0
        ]
    },
    {
        "bone name": "bip01 r foot",
        "bone matrix": [
            0.9950423240661621,
            -0.04910866543650627,
            0.08648224174976349,
            0.0,
            0.05755167081952095,
            0.993520200252533,
            -0.09800739586353302,
            0.0,
            -0.08110883831977844,
            0.10249869525432587,
            0.9914209246635437,
            0.0,
            16.423625946044923,
            9.5367431640625e-7,
            -2.384185791015625e-7,
            1.0
        ]
    },
    {
        "bone name": "add_r301",
        "bone matrix": [
            0.9816388487815857,
            0.004019951447844505,
            -0.1907067596912384,
            0.0,
            -0.0020598089322447778,
            0.9999430179595947,
            0.01047542504966259,
            0.0,
            0.1907379925251007,
            -0.00989026390016079,
            0.9815911650657654,
            0.0,
            2.330524444580078,
            0.08426666259765625,
            -3.819324493408203,
            1.0
        ]
    },
    {
        "bone name": "add_r201",
        "bone matrix": [
            0.9912136793136597,
            0.003554201452061534,
            0.13222244381904603,
            0.0,
            -0.002784549491479993,
            0.9999780654907227,
            -0.006005334667861462,
            0.0,
            -0.132240891456604,
            0.00558438990265131,
            0.9912018775939941,
            0.0,
            2.0572853088378908,
            -0.06933212280273438,
            4.058131694793701,
            1.0
        ]
    },
    {
        "bone name": "bip01 neck1",
        "bone matrix": [
            0.9194512367248535,
            0.0000010905906719926862,
            0.3932039737701416,
            0.0,
            -0.0000010905906719926862,
            1.0,
            -2.2340999805692264e-7,
            0.0,
            -0.3932039737701416,
            -2.2340999805692264e-7,
            0.9194512367248535,
            0.0,
            1.7820892333984376,
            0.0,
            -0.0014324188232421876,
            1.0
        ]
    },
    {
        "bone name": "bip01 l clavicle",
        "bone matrix": [
            -0.16216997802257539,
            0.9679610133171082,
            -0.19170960783958436,
            0.0,
            0.9796362519264221,
            0.13462324440479279,
            -0.14896154403686524,
            0.0,
            -0.1183803603053093,
            -0.2119627594947815,
            -0.9700815677642822,
            0.0,
            0.0,
            1.3962169885635377,
            0.0014142990112304688,
            1.0
        ]
    },
    {
        "bone name": "bip01 r clavicle",
        "bone matrix": [
            -0.16217005252838136,
            -0.9679619669914246,
            -0.19170421361923219,
            0.0,
            -0.9796361327171326,
            0.13462424278259278,
            0.14896082878112794,
            0.0,
            -0.11838036775588989,
            0.21195736527442933,
            -0.9700826406478882,
            0.0,
            0.0,
            -1.3962169885635377,
            0.0014219284057617188,
            1.0
        ]
    },
    {
        "bone name": "bip01 l toe0",
        "bone matrix": [
            0.0,
            0.0,
            0.9999999403953552,
            0.0,
            0.0,
            1.0,
            0.0,
            0.0,
            -0.9999999403953552,
            0.0,
            0.0,
            0.0,
            3.8883121013641359,
            0.0,
            3.7508511543273927,
            1.0
        ]
    },
    {
        "bone name": "add_l202",
        "bone matrix": [
            1.0,
            0.0,
            0.0,
            0.0,
            0.0,
            1.0,
            0.0,
            0.0,
            0.0,
            0.0,
            1.0,
            0.0,
            6.212778091430664,
            4.76837158203125e-7,
            -4.76837158203125e-7,
            1.0
        ]
    },
    {
        "bone name": "add_l302",
        "bone matrix": [
            1.0,
            0.0,
            0.0,
            0.0,
            0.0,
            1.0,
            0.0,
            0.0,
            0.0,
            0.0,
            1.0,
            0.0,
            6.602977752685547,
            0.0,
            0.0,
            1.0
        ]
    },
    {
        "bone name": "bip01 r toe0",
        "bone matrix": [
            0.0,
            0.0,
            0.9999999403953552,
            0.0,
            0.0,
            1.0,
            0.0,
            0.0,
            -0.9999999403953552,
            0.0,
            0.0,
            0.0,
            3.8883121013641359,
            0.0,
            3.750851631164551,
            1.0
        ]
    },
    {
        "bone name": "add_r302",
        "bone matrix": [
            1.0,
            0.0,
            0.0,
            0.0,
            0.0,
            1.0,
            0.0,
            0.0,
            0.0,
            0.0,
            1.0,
            0.0,
            6.713401794433594,
            4.76837158203125e-7,
            0.00003528594970703125,
            1.0
        ]
    },
    {
        "bone name": "add_r202",
        "bone matrix": [
            1.0,
            0.0,
            0.0,
            0.0,
            0.0,
            1.0,
            0.0,
            0.0,
            0.0,
            0.0,
            1.0,
            0.0,
            6.212776184082031,
            4.76837158203125e-7,
            -0.00002193450927734375,
            1.0
        ]
    },
    {
        "bone name": "bip01 head",
        "bone matrix": [
            0.993787407875061,
            -3.0868400813233168e-7,
            -0.11129501461982727,
            0.0,
            3.0868400813233168e-7,
            1.0,
            0.0,
            0.0,
            0.11129501461982727,
            0.0,
            0.993787407875061,
            0.0,
            1.9551811218261719,
            0.0,
            -9.5367431640625e-7,
            1.0
        ]
    },
    {
        "bone name": "bip01 l upperarm",
        "bone matrix": [
            0.8510682582855225,
            -0.5243420600891113,
            -0.0273527130484581,
            0.0,
            0.4752921760082245,
            0.7914979457855225,
            -0.38422441482543948,
            0.0,
            0.22311463952064515,
            0.31400066614151,
            0.9228344559669495,
            0.0,
            4.188770294189453,
            0.0,
            9.5367431640625e-7,
            1.0
        ]
    },
    {
        "bone name": "bone_shd_l",
        "bone matrix": [
            0.8781052231788635,
            -0.44518381357192995,
            -0.1753355860710144,
            0.0,
            -0.42994874715805056,
            -0.8949629068374634,
            0.11910200119018555,
            0.0,
            -0.20994114875793458,
            -0.029198776930570604,
            -0.9772778153419495,
            0.0,
            2.2420754432678224,
            2.5589141845703127,
            0.39382362365722659,
            1.0
        ]
    },
    {
        "bone name": "bip01 r upperarm",
        "bone matrix": [
            0.8510683178901672,
            0.5243420600891113,
            -0.027352742850780488,
            0.0,
            -0.4752921164035797,
            0.7914979457855225,
            0.38422438502311709,
            0.0,
            0.22311463952064515,
            -0.3140006363391876,
            0.9228344559669495,
            0.0,
            4.188769817352295,
            0.0,
            0.0,
            1.0
        ]
    },
    {
        "bone name": "bone_shd_r",
        "bone matrix": [
            0.9098482728004456,
            0.4147932827472687,
            -0.011071562767028809,
            0.0,
            0.38321927189826968,
            -0.8502244353294373,
            -0.36091768741607668,
            0.0,
            -0.15911954641342164,
            0.32413750886917117,
            -0.9325320720672607,
            0.0,
            2.0812411308288576,
            -2.4223594665527345,
            -0.42777347564697268,
            1.0
        ]
    },
    {
        "bone name": "add_l203",
        "bone matrix": [
            1.0,
            0.0,
            0.0,
            0.0,
            0.0,
            1.0,
            0.0,
            0.0,
            0.0,
            0.0,
            1.0,
            0.0,
            5.477733612060547,
            -4.76837158203125e-7,
            -0.000001430511474609375,
            1.0
        ]
    },
    {
        "bone name": "add_l303",
        "bone matrix": [
            1.0,
            0.0,
            0.0,
            0.0,
            0.0,
            1.0,
            0.0,
            0.0,
            0.0,
            0.0,
            1.0,
            0.0,
            5.84539794921875,
            4.76837158203125e-7,
            -0.00005626678466796875,
            1.0
        ]
    },
    {
        "bone name": "add_r303",
        "bone matrix": [
            1.0,
            0.0,
            0.0,
            0.0,
            0.0,
            1.0,
            0.0,
            0.0,
            0.0,
            0.0,
            1.0,
            0.0,
            5.845396041870117,
            9.5367431640625e-7,
            -0.000057220458984375,
            1.0
        ]
    },
    {
        "bone name": "add_r203",
        "bone matrix": [
            1.0,
            0.0,
            0.0,
            0.0,
            0.0,
            1.0,
            0.0,
            0.0,
            0.0,
            0.0,
            1.0,
            0.0,
            5.477729797363281,
            0.0,
            -4.76837158203125e-7,
            1.0
        ]
    },
    {
        "bone name": "b_hat",
        "bone matrix": [
            0.9860507249832153,
            -3.2584142672931196e-7,
            -0.16644510626792909,
            0.0,
            3.8611227637375125e-7,
            1.0,
            3.297475359431701e-7,
            0.0,
            0.16644510626792909,
            -3.8941431057537559e-7,
            0.9860507249832153,
            0.0,
            4.874046325683594,
            0.000008000000889296643,
            1.188610553741455,
            1.0
        ]
    },
    {
        "bone name": "bip01 l forearm",
        "bone matrix": [
            0.9994621872901917,
            0.0,
            -0.03279218077659607,
            0.0,
            0.0,
            1.0,
            0.0,
            0.0,
            0.03279218077659607,
            0.0,
            0.9994621872901917,
            0.0,
            7.956634521484375,
            0.0,
            0.0,
            1.0
        ]
    },
    {
        "bone name": "bip01 l foretwist",
        "bone matrix": [
            0.9994621872901917,
            0.0,
            -0.03279218450188637,
            0.0,
            0.0011006961576640607,
            0.9994364380836487,
            0.03354887664318085,
            0.0,
            0.032773707062006,
            -0.033566929399967197,
            0.998898983001709,
            0.0,
            7.956634521484375,
            0.0,
            0.0,
            1.0
        ]
    },
    {
        "bone name": "bone_l_armtwist",
        "bone matrix": [
            1.0,
            0.0,
            0.0,
            0.0,
            0.0,
            1.0,
            0.0,
            0.0,
            0.0,
            0.0,
            1.0,
            0.0,
            -0.9535045623779297,
            0.0,
            0.0,
            1.0
        ]
    },
    {
        "bone name": "bip01 r forearm",
        "bone matrix": [
            0.9994621872901917,
            0.0,
            -0.03279218077659607,
            0.0,
            0.0,
            1.0,
            0.0,
            0.0,
            0.03279218077659607,
            0.0,
            0.9994621872901917,
            0.0,
            7.956634521484375,
            0.0,
            0.0,
            1.0
        ]
    },
    {
        "bone name": "bip01 r foretwist",
        "bone matrix": [
            0.9994621872901917,
            0.0,
            -0.03279218450188637,
            0.0,
            -0.001100666937418282,
            0.9994364380836487,
            -0.03354891389608383,
            0.0,
            0.032773707062006,
            0.03356696665287018,
            0.998898983001709,
            0.0,
            7.956634521484375,
            0.0,
            0.0,
            1.0
        ]
    },
    {
        "bone name": "bone_r_armtwist",
        "bone matrix": [
            1.0,
            0.0,
            0.0,
            0.0,
            0.0,
            1.0,
            0.0,
            0.0,
            0.0,
            0.0,
            1.0,
            0.0,
            -0.9535007476806641,
            0.0,
            2.384185791015625e-7,
            1.0
        ]
    },
    {
        "bone name": "bip01 l hand",
        "bone matrix": [
            0.9898813962936401,
            0.012514755129814148,
            0.14134424924850465,
            0.0,
            -0.1408654898405075,
            -0.03323221579194069,
            0.9894708395004273,
            0.0,
            0.01708018034696579,
            -0.9993692636489868,
            -0.031133051961660386,
            0.0,
            4.39300537109375,
            -0.000003814697265625,
            2.384185791015625e-7,
            1.0
        ]
    },
    {
        "bone name": "bip01 l foretwist1",
        "bone matrix": [
            1.0,
            0.0,
            0.0,
            0.0,
            0.0,
            0.9994364976882935,
            0.0335669219493866,
            0.0,
            0.0,
            -0.0335669219493866,
            0.9994364976882935,
            0.0,
            4.39300537109375,
            0.0,
            0.0,
            1.0
        ]
    },
    {
        "bone name": "bip01 r hand",
        "bone matrix": [
            0.9898813962936401,
            -0.012514755129814148,
            0.14134426414966584,
            0.0,
            0.1408654898405075,
            -0.03323221579194069,
            -0.9894708395004273,
            0.0,
            0.017080172896385194,
            0.9993692636489868,
            -0.031133051961660386,
            0.0,
            4.393004417419434,
            0.000003814697265625,
            0.0,
            1.0
        ]
    },
    {
        "bone name": "bip01 r foretwist1",
        "bone matrix": [
            1.0,
            0.0,
            0.0,
            0.0,
            0.0,
            0.9994364976882935,
            -0.03356696665287018,
            0.0,
            0.0,
            0.03356696665287018,
            0.9994364976882935,
            0.0,
            4.393003463745117,
            -0.000003814697265625,
            -2.384185791015625e-7,
            1.0
        ]
    },
    {
        "bone name": "bip01 l finger0",
        "bone matrix": [
            0.7295346856117249,
            -0.3641703724861145,
            0.5789293050765991,
            0.0,
            0.6480423808097839,
            0.09741620719432831,
            -0.7553483843803406,
            0.0,
            0.21867837011814118,
            0.9262235760688782,
            0.30706632137298586,
            0.0,
            0.6086387634277344,
            -1.150444746017456,
            0.451812744140625,
            1.0
        ]
    },
    {
        "bone name": "bip01 l finger1",
        "bone matrix": [
            0.9510982632637024,
            -0.000922919251024723,
            0.3088870942592621,
            0.0,
            0.025759559124708177,
            0.9967491626739502,
            -0.07633842527866364,
            0.0,
            -0.30781248211860659,
            0.08056214451789856,
            0.9480301737785339,
            0.0,
            3.1320762634277345,
            -0.9245584011077881,
            0.21125030517578126,
            1.0
        ]
    },
    {
        "bone name": "bip01 l finger2",
        "bone matrix": [
            0.9943828582763672,
            0.02454538829624653,
            0.10295747220516205,
            0.0,
            -0.015272250398993492,
            0.9958330392837524,
            -0.0899074524641037,
            0.0,
            -0.10473527014255524,
            0.08783003687858582,
            0.9906141757965088,
            0.0,
            3.1558990478515627,
            -0.27878737449645998,
            0.1305999755859375,
            1.0
        ]
    },
    {
        "bone name": "bip01 l finger3",
        "bone matrix": [
            0.9619271755218506,
            0.13846474885940553,
            0.23563465476036073,
            0.0,
            -0.148479163646698,
            0.988594114780426,
            0.025211477652192117,
            0.0,
            -0.2294561266899109,
            -0.05923844128847122,
            0.9715146422386169,
            0.0,
            3.0352869033813478,
            0.3302854299545288,
            0.07936859130859375,
            1.0
        ]
    },
    {
        "bone name": "bip01 l finger4",
        "bone matrix": [
            0.9355046153068543,
            0.24296532571315766,
            0.25651299953460696,
            0.0,
            -0.2624748945236206,
            0.9639244675636292,
            0.044232722371816638,
            0.0,
            -0.23651213943958283,
            -0.10870814323425293,
            0.965528130531311,
            0.0,
            2.8883628845214845,
            0.9160256385803223,
            0.17374420166015626,
            1.0
        ]
    },
    {
        "bone name": "b_lh",
        "bone matrix": [
            0.0,
            -1.0,
            0.0,
            0.0,
            -0.000002562999725341797,
            0.0,
            -1.0,
            0.0,
            1.0,
            0.0,
            -0.0000026226043701171877,
            0.0,
            2.914522171020508,
            -2.384185791015625e-7,
            1.1600341796875,
            1.0
        ]
    },
    {
        "bone name": "bip01 r finger0",
        "bone matrix": [
            0.7295346856117249,
            0.3641703426837921,
            0.5789293050765991,
            0.0,
            -0.6480424404144287,
            0.09741620719432831,
            0.7553483843803406,
            0.0,
            0.2186783403158188,
            -0.9262235760688782,
            0.30706632137298586,
            0.0,
            0.6086397171020508,
            1.150444746017456,
            0.451812744140625,
            1.0
        ]
    },
    {
        "bone name": "bip01 r finger1",
        "bone matrix": [
            0.9510982632637024,
            0.0009229155257344246,
            0.3088870644569397,
            0.0,
            -0.02575955167412758,
            0.9967491626739502,
            0.07633842527866364,
            0.0,
            -0.3078124523162842,
            -0.08056212961673737,
            0.9480301737785339,
            0.0,
            3.132077217102051,
            0.9245584011077881,
            0.21125030517578126,
            1.0
        ]
    },
    {
        "bone name": "bip01 r finger2",
        "bone matrix": [
            0.9943828582763672,
            -0.024545393884181978,
            0.10295750200748444,
            0.0,
            0.015272252261638642,
