[
    {
        "bone name": "bip01",
        "bone matrix": [
            0.0000030279159091151088,
            0.0,
            -2.5399997234344484,
            0.0,
            0.0,
            2.5399999618530275,
            0.0,
            0.0,
            2.5399997234344484,
            0.0,
            0.0000030279159091151088,
            0.0,
            0.0,
            64.3985595703125,
            -0.8499999642372131,
            1.0
        ]
    },
    {
        "bone name": "bip01 pelvis",
        "bone matrix": [
            0.0,
            1.0,
            -0.0000014007091522216797,
            0.0,
            -0.0000014007091522216797,
            0.0000013709068298339844,
            1.0,
            0.0,
            1.0,
            0.0,
            0.0000013709068298339844,
            0.0,
            0.0,
            0.0,
            0.0,
            1.0
        ]
    },
    {
        "bone name": "bip01 spine",
        "bone matrix": [
            0.9832702875137329,
            0.0000013785918326902902,
            0.18215236067771913,
            0.0,
            -0.0000021543937691603789,
            1.0,
            0.000004061213076056447,
            0.0,
            -0.18215236067771913,
            -0.000004385698048281483,
            0.9832702875137329,
            0.0,
            2.460756301879883,
            0.000003414897946640849,
            -0.001679837703704834,
            1.0
        ]
    },
    {
        "bone name": "bip01 l thigh",
        "bone matrix": [
            -0.9831536412239075,
            0.013764739036560059,
            0.1822630763053894,
            0.0,
            -0.013315115123987198,
            -0.9999046921730042,
            0.003690402489155531,
            0.0,
            0.182296484708786,
            0.0012013785308226944,
            0.9832428693771362,
            0.0,
            -2.419281005859375,
            2.308684825897217,
            0.4498786926269531,
            1.0
        ]
    },
    {
        "bone name": "bip01 r thigh",
        "bone matrix": [
            -0.9831535816192627,
            -0.013763380236923695,
            0.18226316571235658,
            0.0,
            0.013314752839505673,
            -0.9999046921730042,
            -0.003684896044433117,
            0.0,
            0.182296484708786,
            -0.0011960294796153904,
            0.983242928981781,
            0.0,
            -2.419281005859375,
            -2.308681011199951,
            0.4498915672302246,
            1.0
        ]
    },
    {
        "bone name": "bip01 spine1",
        "bone matrix": [
            0.9873272180557251,
            -6.701995403091132e-7,
            -0.15869775414466859,
            0.0,
            6.791065629840887e-7,
            1.0,
            0.0,
            0.0,
            0.15869775414466859,
            0.0,
            0.9873272180557251,
            0.0,
            2.146697998046875,
            0.0,
            -0.0016083717346191407,
            1.0
        ]
    },
    {
        "bone name": "bip01 lthightwist",
        "bone matrix": [
            -0.9831535220146179,
            0.013764739036560059,
            0.1822630763053894,
            0.0,
            -0.013447437435388565,
            -0.9999052286148071,
            0.002976675983518362,
            0.0,
            0.18228676915168763,
            0.0004755578702315688,
            0.983245313167572,
            0.0,
            -2.419281005859375,
            2.308684825897217,
            0.4498786926269531,
            1.0
        ]
    },
    {
        "bone name": "bip01 rthightwist",
        "bone matrix": [
            -0.9831535220146179,
            -0.01376337930560112,
            0.18226316571235658,
            0.0,
            0.013447076082229615,
            -0.9999052286148071,
            -0.002971167676150799,
            0.0,
            0.18228676915168763,
            -0.00047020718920975924,
            0.983245313167572,
            0.0,
            -2.419281005859375,
            -2.308681011199951,
            0.4498915672302246,
            1.0
        ]
    },
    {
        "bone name": "add_l501",
        "bone matrix": [
            -0.9336631298065186,
            0.3363226354122162,
            -0.1231280043721199,
            0.0,
            -0.1165626123547554,
            0.039725542068481448,
            0.9923886060714722,
            0.0,
            0.3386540710926056,
            0.940908670425415,
            0.002112269401550293,
            0.0,
            2.166606903076172,
            3.1435742378234865,
            0.781807541847229,
            1.0
        ]
    },
    {
        "bone name": "add_l401",
        "bone matrix": [
            -0.917793869972229,
            0.15936464071273805,
            -0.3636719584465027,
            0.0,
            0.13721710443496705,
            0.9867894649505615,
            0.08612796664237976,
            0.0,
            0.37259340286254885,
            0.029145706444978715,
            -0.9275368452072144,
            0.0,
            2.5637474060058595,
            1.821740984916687,
            -1.5725175142288209,
            1.0
        ]
    },
    {
        "bone name": "add_r401",
        "bone matrix": [
            -0.9210391640663147,
            -0.15910214185714723,
            -0.3554903268814087,
            0.0,
            -0.1372193992137909,
            0.9867895841598511,
            -0.08612300455570221,
            0.0,
            0.36449652910232546,
            -0.030542485415935518,
            -0.9307036995887756,
            0.0,
            2.657787322998047,
            -1.8065050840377808,
            -1.5480213165283204,
            1.0
        ]
    },
    {
        "bone name": "add_r501",
        "bone matrix": [
            -0.9336554408073425,
            -0.33633750677108767,
            -0.12314365059137345,
            0.0,
            0.11657743155956269,
            0.03973078727722168,
            -0.992386519908905,
            0.0,
            0.33866944909095766,
            -0.9409030079841614,
            0.002114593982696533,
            0.0,
            2.1727294921875,
            -3.1413040161132814,
            0.7826519012451172,
            1.0
        ]
    },
    {
        "bone name": "add_r101",
        "bone matrix": [
            -0.9943764209747315,
            -0.10550843179225922,
            0.00912988930940628,
            0.0,
            0.10550437867641449,
            -0.9944183230400086,
            -0.0009251986048184335,
            0.0,
            0.009176546707749367,
            0.000043247651774436235,
            0.9999578595161438,
            0.0,
            2.7010631561279299,
            -1.828214168548584,
            3.1852049827575685,
            1.0
        ]
    },
    {
        "bone name": "add_l101",
        "bone matrix": [
            -0.9946999549865723,
            0.10266076773405075,
            0.00571739487349987,
            0.0,
            -0.10265765339136124,
            -0.9947164058685303,
            0.000836590479593724,
            0.0,
            0.005773071199655533,
            0.00024522229796275496,
            0.9999833106994629,
            0.0,
            2.7011642456054689,
            1.8283451795578004,
            3.1850435733795168,
            1.0
        ]
    },
    {
        "bone name": "b_lp",
        "bone matrix": [
            -0.5470877885818481,
            0.10419075936079025,
            -0.22324715554714204,
            0.0,
            -0.0964643731713295,
            -0.5908843874931336,
            -0.03937435895204544,
            0.0,
            -0.2266928255558014,
            -0.000009723007678985596,
            0.5555271506309509,
            0.0,
            2.3754119873046877,
            3.9679276943206789,
            1.8072856664657593,
            1.0
        ]
    },
    {
        "bone name": "b_rp",
        "bone matrix": [
            -0.5470879673957825,
            -0.10418707132339478,
            -0.22324757277965547,
            0.0,
            0.09646853804588318,
            -0.5908846855163574,
            0.039354365319013599,
            0.0,
            -0.22668974101543427,
            -0.000010105219189426862,
            0.5555281043052673,
            0.0,
            2.393533706665039,
            -3.833430290222168,
            1.807266354560852,
            1.0
        ]
    },
    {
        "bone name": "bip01 l calf",
        "bone matrix": [
            0.9948834180831909,
            0.0,
            -0.10102935135364533,
            0.0,
            0.0,
            1.0,
            0.0,
            0.0,
            0.10102935135364533,
            0.0,
            0.9948834180831909,
            0.0,
            11.204615592956543,
            -2.384185791015625e-7,
            0.0,
            1.0
        ]
    },
    {
        "bone name": "bip01 r calf",
        "bone matrix": [
            0.9948834180831909,
            0.0,
            -0.10102935135364533,
            0.0,
            0.0,
            1.0,
            0.0,
            0.0,
            0.10102935135364533,
            0.0,
            0.9948834180831909,
            0.0,
            11.204615592956543,
            0.0,
            0.0,
            1.0
        ]
    },
    {
        "bone name": "bip01 spine2",
        "bone matrix": [
            0.9904005527496338,
            -5.898389190406306e-7,
            -0.1382269710302353,
            0.0,
            5.912344249736634e-7,
            1.0,
            0.0,
            0.0,
            0.1382269710302353,
            0.0,
            0.9904005527496338,
            0.0,
            2.0443954467773439,
            0.0,
            -0.003116309642791748,
            1.0
        ]
    },
    {
        "bone name": "b_spine",
        "bone matrix": [
            -0.5949947237968445,
            -2.6910217343356637e-7,
            -0.077337346971035,
            0.0,
            1.4556901817286417e-7,
            0.5999998450279236,
            -0.000003207687768735923,
            0.0,
            0.077337346971035,
            -0.000003199692855559988,
            -0.5949947237968445,
            0.0,
            0.4228324890136719,
            0.00001132301076722797,
            -2.547788143157959,
            1.0
        ]
    },
    {
        "bone name": "add_l502",
        "bone matrix": [
            0.9906938672065735,
            0.0964587852358818,
            -0.09602785855531693,
            0.0,
            -0.09794626384973526,
            0.9951321482658386,
            -0.010887768119573594,
            0.0,
            0.09451019018888474,
            0.020192014053463937,
            0.995319128036499,
            0.0,
            3.782072067260742,
            -2.384185791015625e-7,
            -9.5367431640625e-7,
            1.0
        ]
    },
    {
        "bone name": "add_l402",
        "bone matrix": [
            0.8207431435585022,
            -0.0652560219168663,
            -0.2593004107475281,
            0.0,
            0.04002309590578079,
            0.9916154146194458,
            -0.12286988645792008,
            0.0,
            0.30716437101364138,
            0.10480374842882157,
            0.9458681344985962,
            0.0,
            3.9544010162353517,
            -4.76837158203125e-7,
            -0.0000019073486328125,
            1.0
        ]
    },
    {
        "bone name": "add_r402",
        "bone matrix": [
            1.077553629875183,
            0.0494234673678875,
            -0.3289846181869507,
            0.0,
            -0.010390865616500378,
            0.9932894706726074,
            0.11518806219100952,
            0.0,
            0.29481104016304018,
            -0.10703085362911225,
            0.9495425820350647,
            0.0,
            4.052101135253906,
            4.76837158203125e-7,
            0.0,
            1.0
        ]
    },
    {
        "bone name": "add_r502",
        "bone matrix": [
            0.9906938672065735,
            -0.0964587852358818,
            -0.09602781385183335,
            0.0,
            0.09794683009386063,
            0.9951320290565491,
            0.010893739759922028,
            0.0,
            0.0945095494389534,
            -0.020197980105876924,
            0.9953190088272095,
            0.0,
            3.788646697998047,
            -0.0000020265579223632814,
            -0.00000286102294921875,
            1.0
        ]
    },
    {
        "bone name": "add_r102",
        "bone matrix": [
            0.9996311664581299,
            -0.027124669402837755,
            -0.0013335095718502999,
            0.0,
            0.027124211192131044,
            0.9996320009231567,
            -0.00036118397838436067,
            0.0,
            0.001342815812677145,
            0.00032488038414157927,
            0.9999990463256836,
            0.0,
            5.044214248657227,
            -4.76837158203125e-7,
            -4.76837158203125e-7,
            1.0
        ]
    },
    {
        "bone name": "add_l102",
        "bone matrix": [
            0.9996311664581299,
            0.0271246749907732,
            -0.0013335086405277253,
            0.0,
            -0.02712421678006649,
            0.9996320009231567,
            0.00036118406569585204,
            0.0,
            0.0013428148813545704,
            -0.00032488047145307064,
            0.9999990463256836,
            0.0,
            5.044212341308594,
            0.0,
            -0.000001430511474609375,
            1.0
        ]
    },
    {
        "bone name": "bip01 l foot",
        "bone matrix": [
            0.9948040246963501,
            0.013763807713985443,
            0.10087378323078156,
            0.0,
            -0.013572445139288903,
            0.9999045729637146,
            -0.002583136083558202,
            0.0,
            -0.10089971125125885,
            0.0012006100732833148,
            0.994895875453949,
            0.0,
            11.860737800598145,
            2.384185791015625e-7,
            0.0,
            1.0
        ]
    },
    {
        "bone name": "bip01 r foot",
        "bone matrix": [
            0.9948040246963501,
            -0.013763981871306897,
            0.10087378323078156,
            0.0,
            0.013572619296610356,
            0.9999045729637146,
            0.002583153545856476,
            0.0,
            -0.10089971125125885,
            -0.0012006101896986366,
            0.994895875453949,
            0.0,
            11.860736846923829,
            2.384185791015625e-7,
            0.0,
            1.0
        ]
    },
    {
        "bone name": "bip01 neck",
        "bone matrix": [
            0.9675952792167664,
            7.003513928793836e-7,
            0.25250619649887087,
            0.0,
            -7.003513928793836e-7,
            1.0,
            0.0,
            0.0,
            -0.25250619649887087,
            0.0,
            0.9675952792167664,
            0.0,
            4.632682800292969,
            -0.0000013182470866013319,
            -0.9285564422607422,
            1.0
        ]
    },
    {
        "bone name": "bip01 l toe0",
        "bone matrix": [
            1.7881393432617188e-7,
            0.0,
            0.9999999403953552,
            0.0,
            0.0,
            1.0,
            0.0,
            0.0,
            -0.9999999403953552,
            0.0,
            1.7881393432617188e-7,
            0.0,
            2.2283687591552736,
            0.0,
            3.0672411918640138,
            1.0
        ]
    },
    {
        "bone name": "bip01 r toe0",
        "bone matrix": [
            0.0,
            0.0,
            0.9999999403953552,
            0.0,
            0.0,
            1.0,
            0.0,
            0.0,
            -0.9999999403953552,
            0.0,
            0.0,
            0.0,
            2.2283687591552736,
            0.0,
            3.0672411918640138,
            1.0
        ]
    },
    {
        "bone name": "bip01 neck1",
        "bone matrix": [
            0.9976171255111694,
            1.9135913476020506e-7,
            0.06899305433034897,
            0.0,
            -1.9135913476020506e-7,
            1.0,
            0.0,
            0.0,
            -0.06899305433034897,
            0.0,
            0.9976171255111694,
            0.0,
            1.0516586303710938,
            0.0,
            -0.0008678436279296875,
            1.0
        ]
    },
    {
        "bone name": "bip01 l clavicle",
        "bone matrix": [
            -0.3128052353858948,
            0.9424490332603455,
            -0.1180787980556488,
            0.0,
            0.9168409705162048,
            0.2671295404434204,
            -0.29672276973724368,
            0.0,
            -0.2481037676334381,
            -0.20107591152191163,
            -0.9476354718208313,
            0.0,
            -0.4142875671386719,
            0.7735903263092041,
            0.582763671875,
            1.0
        ]
    },
    {
        "bone name": "bip01 r clavicle",
        "bone matrix": [
            -0.31280517578125,
            -0.9424498081207275,
            -0.11807358264923096,
            0.0,
            -0.9168410301208496,
            0.2671310305595398,
            0.29672130942344668,
            0.0,
            -0.2481037974357605,
            0.2010706514120102,
            -0.9476366639137268,
            0.0,
            -0.4142875671386719,
            -0.7735894918441773,
            0.5827679634094238,
            1.0
        ]
    },
    {
        "bone name": "b_lc",
        "bone matrix": [
            -0.5262673497200012,
            -0.2867557108402252,
            -0.028526248410344125,
            0.0,
            0.016580110415816308,
            0.02916562370955944,
            -0.5990612506866455,
            0.0,
            0.28769370913505556,
            -0.5262323617935181,
            -0.017657410353422166,
            0.0,
            8.065433502197266,
            4.550264358520508,
            -2.62666654586792,
            1.0
        ]
    },
    {
        "bone name": "b_rc",
        "bone matrix": [
            -0.5000514388084412,
            0.32978859543800356,
            0.03446770831942558,
            0.0,
            0.04125885292887688,
            -3.576278402306343e-7,
            0.5985797047615051,
            0.0,
            0.32900795340538027,
            0.5012378692626953,
            -0.02267753891646862,
            0.0,
            7.951297760009766,
            -5.189457893371582,
            -3.1330628395080568,
            1.0
        ]
    },
    {
        "bone name": "b_spine2",
        "bone matrix": [
            0.599114716053009,
            -0.0000011704827329594992,
            0.032577402889728549,
            0.0,
            0.000001013414816952718,
            0.5999997854232788,
            0.000002920354972957284,
            0.0,
            -0.032577402889728549,
            -0.00000286102294921875,
            0.599114716053009,
            0.0,
            2.4123687744140627,
            -0.0000028565955290105195,
            -6.091481685638428,
            1.0
        ]
    },
    {
        "bone name": "b_long",
        "bone matrix": [
            0.5612916946411133,
            0.2020781934261322,
            0.06415694206953049,
            0.0,
            0.05530564486980438,
            0.035724248737096789,
            -0.5963767170906067,
            0.0,
            -0.2046777904033661,
            0.5638158917427063,
            0.014792759902775288,
            0.0,
            -3.109844207763672,
            -1.4526424407958985,
            -4.383735179901123,
            1.0
        ]
    },
    {
        "bone name": "bip01 head",
        "bone matrix": [
            0.9989749789237976,
            2.1880639167193295e-7,
            0.04526544362306595,
            0.0,
            -2.171372699422136e-7,
            1.0,
            0.0,
            0.0,
            -0.04526544362306595,
            0.0,
            0.9989749789237976,
            0.0,
            1.0918235778808594,
            0.0,
            0.0,
            1.0
        ]
    },
    {
        "bone name": "bip01 l upperarm",
        "bone matrix": [
            0.8056411743164063,
            -0.5850744247436523,
            0.09289948642253876,
            0.0,
            0.5911216735839844,
            0.7836391925811768,
            -0.19100990891456605,
            0.0,
            0.03895533084869385,
            0.20880034565925599,
            0.977182149887085,
            0.0,
            3.031135082244873,
            -0.000003814697265625,
            0.0,
            1.0
        ]
    },
    {
        "bone name": "bone_shd_l",
        "bone matrix": [
            0.7278783917427063,
            -0.3318355977535248,
            -0.008859260939061642,
            0.0,
            -0.3065754175186157,
            -0.6801791191101074,
            0.28873565793037417,
            0.0,
            -0.1272982656955719,
            -0.25931045413017275,
            -0.7460252642631531,
            0.0,
            2.3026208877563478,
            1.7052993774414063,
            -0.3423795700073242,
            1.0
        ]
    },
    {
        "bone name": "bip01 r upperarm",
        "bone matrix": [
            0.8056413531303406,
            0.5850741863250732,
            0.092899389564991,
            0.0,
            -0.5911214351654053,
            0.7836393713951111,
            0.19100993871688844,
            0.0,
            0.03895536810159683,
            -0.2088003158569336,
            0.977182149887085,
            0.0,
            3.031134605407715,
            0.0,
            0.0,
            1.0
        ]
    },
    {
        "bone name": "bone_shd_r",
        "bone matrix": [
            0.727878749370575,
            0.3318345844745636,
            -0.00885725673288107,
            0.0,
            0.3065755069255829,
            -0.6801797747612,
            -0.28873345255851748,
            0.0,
            -0.1272953450679779,
            0.25930941104888918,
            -0.7460258603096008,
            0.0,
            2.302699565887451,
            -1.7053070068359376,
            -0.34238672256469729,
            1.0
        ]
    },
    {
        "bone name": "bone_l_armtwist",
        "bone matrix": [
            1.0,
            0.0,
            0.0,
            0.0,
            0.0,
            1.0,
            0.0,
            0.0,
            0.0,
            0.0,
            1.0,
            0.0,
            -0.0000019073486328125,
            0.000003814697265625,
            -2.384185791015625e-7,
            1.0
        ]
    },
    {
        "bone name": "bip01 l foretwist",
        "bone matrix": [
            0.995079517364502,
            0.0,
            -0.09907962381839752,
            0.0,
            -0.005827075801789761,
            0.9982691407203674,
            -0.05852245166897774,
            0.0,
            0.09890812635421753,
            0.058811839669942859,
            0.9933571219444275,
            0.0,
            5.795370101928711,
            0.0,
            -2.384185791015625e-7,
            1.0
        ]
    },
    {
        "bone name": "bone_r_armtwist",
        "bone matrix": [
            1.0,
            0.0,
            0.0,
            0.0,
            0.0,
            1.0,
            0.0,
            0.0,
            0.0,
            0.0,
            1.0,
            0.0,
            0.0,
            -0.0000019073486328125,
            2.384185791015625e-7,
            1.0
        ]
    },
    {
        "bone name": "bip01 r foretwist",
        "bone matrix": [
            0.995079517364502,
            0.0,
            -0.09907963871955872,
            0.0,
            0.005827061831951141,
            0.9982691407203674,
            0.05852244049310684,
            0.0,
            0.09890814125537873,
            -0.058811821043491366,
            0.9933571219444275,
            0.0,
            5.795368194580078,
            0.0,
            0.0,
            1.0
        ]
    },
    {
        "bone name": "b_hat",
        "bone matrix": [
            0.5916302800178528,
            -3.355985711550602e-7,
            -0.0998673364520073,
            0.0,
            2.840430681771977e-7,
            0.5999999046325684,
            -3.3354896800119607e-7,
            0.0,
            0.0998673364520073,
            2.816184689891088e-7,
            0.5916302800178528,
            0.0,
            5.214786529541016,
            -0.00018676684703677893,
            0.33929920196533205,
            1.0
        ]
    },
    {
        "bone name": "bip01 l hand",
        "bone matrix": [
            0.9971370697021484,
            -0.05410212278366089,
            -0.05282597616314888,
            0.0,
            0.055988967418670657,
            0.058719709515571597,
            0.9967031478881836,
            0.0,
            -0.05082183703780174,
            -0.996807336807251,
            0.06158072128891945,
            0.0,
            3.089055061340332,
            0.0,
            -4.76837158203125e-7,
            1.0
        ]
    },
    {
        "bone name": "bip01 l foretwist1",
        "bone matrix": [
            1.0,
            0.0,
            0.0,
            0.0,
            0.0,
            0.9982690811157227,
            -0.058811821043491366,
            0.0,
            0.0,
            0.058811821043491366,
            0.9982690811157227,
            0.0,
            3.0890560150146486,
            0.0,
            0.0,
            1.0
        ]
    },
    {
        "bone name": "bip01 r hand",
        "bone matrix": [
            0.9971370697021484,
            0.05410212278366089,
            -0.05282597616314888,
            0.0,
            -0.055988967418670657,
            0.058719709515571597,
            -0.9967031478881836,
            0.0,
            -0.05082183703780174,
            0.996807336807251,
            0.06158072128891945,
            0.0,
            3.089055061340332,
            0.0,
            2.384185791015625e-7,
            1.0
        ]
    },
    {
        "bone name": "bip01 r foretwist1",
        "bone matrix": [
            1.0,
            0.0,
            0.0,
            0.0,
            0.0,
            0.9982690811157227,
            0.058811821043491366,
            0.0,
            0.0,
            -0.058811821043491366,
            0.9982690811157227,
            0.0,
            3.0890541076660158,
            0.0,
            0.0,
            1.0
        ]
    },
    {
        "bone name": "bip01 l finger0",
        "bone matrix": [
            0.7319092750549316,
            -0.49239015579223635,
            0.47102090716362,
            0.0,
            0.585476279258728,
            0.10078644752502442,
            -0.8044000864028931,
            0.0,
            0.3486061990261078,
            0.864519476890564,
            0.3620493412017822,
            0.0,
            0.572993278503418,
            -0.8748779296875,
            0.3387775421142578,
            1.0
        ]
    },
    {
        "bone name": "bip01 l finger1",
        "bone matrix": [
            0.9934439659118652,
            -0.062569759786129,
            0.09567738324403763,
            0.0,
            0.06191076710820198,
            0.9980331659317017,
            0.009843669831752777,
            0.0,
            -0.09610512107610703,
            -0.003855673596262932,
            0.995363712310791,
            0.0,
            2.2715911865234377,
            -0.832395076751709,
            0.05273246765136719,
            1.0
        ]
    },
    {
        "bone name": "bip01 l finger2",
        "bone matrix": [
            0.9943501949310303,
            -0.02812086045742035,
            0.10235685855150223,
            0.0,
            0.027891892939805986,
            0.9996042251586914,
            0.0036677848547697069,
            0.0,
            -0.10241948813199997,
            -0.0007921362994238734,
            0.9947409629821777,
            0.0,
            2.281454086303711,
            -0.28088998794555666,
            -0.04239463806152344,
            1.0
        ]
    },
    {
        "bone name": "bip01 l finger3",
        "bone matrix": [
            0.989246666431427,
            -0.001407744362950325,
            0.1462501883506775,
            0.0,
            0.0012773992493748665,
            0.9999986886978149,
            0.000985157792456448,
            0.0,
            -0.146251380443573,
            -0.0007877441821619868,
            0.9892471432685852,
            0.0,
            2.255899429321289,
            0.29283857345581057,
            -0.06126213073730469,
            1.0
        ]
    },
    {
        "bone name": "bip01 l finger4",
        "bone matrix": [
            0.9912493228912354,
            -0.00010512586595723405,
            0.1320028007030487,
            0.0,
            0.0,
            0.9999997019767761,
            0.0007963248062878847,
            0.0,
            -0.1320028305053711,
            -0.0007893552538007498,
            0.9912490248680115,
            0.0,
            2.241696357727051,
            0.823707103729248,
            0.0009441375732421875,
            1.0
        ]
    },
    {
        "bone name": "bip01 r finger0",
        "bone matrix": [
            0.7319092750549316,
            0.49239009618759158,
            0.47102105617523196,
            0.0,
            -0.5854763388633728,
            0.10078620910644531,
            0.8044002652168274,
            0.0,
            0.3486062288284302,
            -0.8645196557044983,
            0.3620491027832031,
            0.0,
            0.572993278503418,
            0.8748781681060791,
            0.3387794494628906,
            1.0
        ]
    },
    {
        "bone name": "bip01 r finger1",
        "bone matrix": [
            0.9934439659118652,
            0.0625697523355484,
            0.09567735344171524,
            0.0,
            -0.061910759657621387,
            0.9980331659317017,
            -0.00984366238117218,
            0.0,
            -0.09610509127378464,
            0.003855668241158128,
            0.995363712310791,
            0.0,
            2.2715911865234377,
            0.8323953151702881,
            0.05273246765136719,
            1.0
        ]
    },
    {
        "bone name": "bip01 r finger2",
        "bone matrix": [
            0.9943501949310303,
            0.028120853006839753,
            0.10235689580440521,
            0.0,
            -0.027891885489225389,
            0.9996042251586914,
            -0.003667779266834259,
            0.0,
            -0.10241952538490296,
            0.0007921302458271384,
            0.9947409629821777,
            0.0,
            2.281454086303711,
            0.28088998794555666,
            -0.04239463806152344,
            1.0
        ]
    },
    {
        "bone name": "bip01 r finger3",
        "bone matrix": [
            0.989246666431427,
            0.0014077385421842337,
            0.1462501585483551,
            0.0,
            -0.001277394127100706,
            0.9999986886978149,
            -0.0009851541835814715,
            0.0,
            -0.1462513506412506,
            0.0007877413299866021,
            0.9892471432685852,
            0.0,
            2.255901336669922,
            -0.29283809661865237,
            -0.06125831604003906,
            1.0
        ]
    },
    {
        "bone name": "bip01 r finger4",
        "bone matrix": [
            0.9912493228912354,
            0.00010511350410524756,
            0.1320027858018875,
            0.0,
            0.0,
            0.9999997019767761,
            -0.0007963083917275071,
            0.0,
            -0.1320028156042099,
            0.0007893403526395559,
            0.9912490248680115,
            0.0,
            2.2416954040527345,
            -0.8237066268920898,
            0.0009441375732421875,
            1.0
        ]
    },
    {
        "bone name": "bip01 l finger01",
        "bone matrix": [
            0.9854459166526794,
            0.0,
            0.16998934745788575,
            0.0,
            0.0,
            1.0,
            0.0,
            0.0,
            -0.16998934745788575,
            0.0,
            0.9854459166526794,
            0.0,
            0.8253803253173828,
            -9.5367431640625e-7,
            9.5367431640625e-7,
            1.0
        ]
    },
    {
        "bone name": "bip01 l finger11",
        "bone matrix": [
            0.9953776597976685,
            0.0,
            0.09603794664144516,
            0.0,
            0.0,
            1.0,
            0.0,
            0.0,
            -0.09603794664144516,
            0.0,
            0.9953776597976685,
            0.0,
            0.6784400939941406,
            -2.384185791015625e-7,
            0.0,
            1.0
        ]
    },
    {
        "bone name": "bip01 l finger21",
        "bone matrix": [
            0.9917569160461426,
            0.0,
            0.1281335949897766,
            0.0,
            0.0,
            1.0,
            0.0,
            0.0,
            -0.1281335949897766,
            0.0,
            0.9917569160461426,
            0.0,
            0.7210016250610352,
            0.0,
            0.0,
            1.0
        ]
    },
    {
        "bone name": "bip01 l finger31",
        "bone matrix": [
            0.9892474412918091,
            0.0,
            0.146251380443573,
            0.0,
            0.0,
            1.0,
            0.0,
            0.0,
            -0.146251380443573,
            0.0,
            0.9892474412918091,
            0.0,
            0.5656185150146484,
            0.0,
            0.0,
            1.0
        ]
    },
    {
        "bone name": "bip01 l finger41",
        "bone matrix": [
            0.9912493228912354,
            0.0,
            0.13200286030769349,
            0.0,
            0.0,
            1.0,
            0.0,
            0.0,
            -0.13200286030769349,
            0.0,
            0.9912493228912354,
            0.0,
            0.4890289306640625,
            0.0,
            0.0,
            1.0
        ]
    },
    {
        "bone name": "b_lh",
        "bone matrix": [
            -2.8610227786884936e-7,
            -0.5999999642372131,
            -2.8610227786884936e-7,
            0.0,
            -5.722045557376987e-7,
            2.8610227786884936e-7,
            -0.5999999642372131,
            0.0,
            0.5999999642372131,
            -2.8610227786884936e-7,
            -5.722045557376987e-7,
            0.0,
            1.9669628143310547,
            -0.05303812026977539,
            0.6270923614501953,
            1.0
        ]
    },
    {
        "bone name": "bip01 r finger01",
        "bone matrix": [
            0.9854459166526794,
            0.0,
            0.16998933255672456,
            0.0,
            0.0,
            1.0,
            0.0,
            0.0,
            -0.16998933255672456,
            0.0,
            0.9854459166526794,
            0.0,
            0.8253803253173828,
            0.0,
            -9.5367431640625e-7,
            1.0
        ]
    },
    {
        "bone name": "bip01 r finger11",
        "bone matrix": [
            0.9953776597976685,
            0.0,
            0.09603793174028397,
            0.0,
            0.0,
            1.0,
            0.0,
            0.0,
            -0.09603793174028397,
            0.0,
            0.9953776597976685,
            0.0,
            0.6784400939941406,
            -2.384185791015625e-7,
            0.0,
            1.0
        ]
    },
    {
        "bone name": "bip01 r finger21",
        "bone matrix": [
            0.9917569160461426,
            0.0,
            0.1281335949897766,
            0.0,
            0.0,
            1.0,
            0.0,
            0.0,
            -0.1281335949897766,
            0.0,
            0.9917569160461426,
            0.0,
            0.721003532409668,
            0.0,
            0.0000019073486328125,
            1.0
        ]
    },
    {
        "bone name": "bip01 r finger31",
        "bone matrix": [
            0.9892474412918091,
            0.0,
            0.1462513953447342,
            0.0,
            0.0,
            1.0,
            0.0,
            0.0,
            -0.1462513953447342,
            0.0,
            0.9892474412918091,
            0.0,
            0.5656185150146484,
            0.0,
            0.0,
            1.0
        ]
    },
    {
        "bone name": "bip01 r finger41",
        "bone matrix": [
            0.9912493228912354,
            0.0,
            0.1320028454065323,
            0.0,
            0.0,
            1.0,
            0.0,
            0.0,
            -0.1320028454065323,
            0.0,
            0.9912493228912354,
            0.0,
            0.4890289306640625,
            0.0,
            0.0000019073486328125,
            1.0
        ]
    },
    {
        "bone name": "b_rh",
        "bone matrix": [
            4.2915345943583818e-7,
            0.6000000238418579,
            -2.1457672971791909e-7,
            0.0,
            0.0,
            2.1457672971791909e-7,
            0.6000000238418579,
            0.0,
            0.6000000238418579,
            -4.2915345943583818e-7,
            0.0,
            0.0,
            2.1382274627685549,
            0.023535728454589845,
            0.45359230041503909,
            1.0
        ]
    },
    {
        "bone name": "bip01 l finger02",
        "bone matrix": [
            0.982923150062561,
            0.0,
            0.184016615152359,
            0.0,
            0.0,
            1.0,
            0.0,
            0.0,
            -0.184016615152359,
            0.0,
            0.982923150062561,
            0.0,
            0.8939342498779297,
            9.5367431640625e-7,
            0.0,
            1.0
        ]
    },
    {
        "bone name": "bip01 l finger12",
        "bone matrix": [
            0.9953776597976685,
            0.0,
